Time	Coop	Chea
0.000000	0.200000	0.200000
0.050025	0.220124	0.215136
0.100050	0.242184	0.231805
0.150075	0.266346	0.250129
0.200100	0.292788	0.270237
0.250125	0.321698	0.292268
0.300150	0.353275	0.316366
0.350175	0.387725	0.342685
0.400200	0.425265	0.371384
0.450225	0.466117	0.402628
0.500250	0.510509	0.436586
0.550275	0.558672	0.473430
0.600300	0.610838	0.513333
0.650325	0.667236	0.556463
0.700350	0.728087	0.602987
0.750375	0.793602	0.653062
0.800400	0.863975	0.706832
0.850425	0.939380	0.764424
0.900450	1.019962	0.825948
0.950475	1.105831	0.891484
1.000500	1.197059	0.961082
1.050525	1.293668	1.034760
1.100550	1.395628	1.112490
1.150575	1.502850	1.194203
1.200600	1.615180	1.279781
1.250625	1.732398	1.369055
1.300650	1.854212	1.461801
1.350675	1.980260	1.557745
1.400700	2.110114	1.656560
1.450725	2.243277	1.757868
1.500750	2.379196	1.861248
1.550775	2.517267	1.966243
1.600800	2.656844	2.072362
1.650825	2.797253	2.179094
1.700850	2.937802	2.285914
1.750875	3.077798	2.392297
1.800900	3.216559	2.497727
1.850925	3.353427	2.601703
1.900950	3.487778	2.703756
1.950975	3.619039	2.803450
2.001001	3.746688	2.900390
2.051026	3.870270	2.994234
2.101051	3.989396	3.084685
2.151076	4.103745	3.171502
2.201101	4.213070	3.254499
2.251126	4.317189	3.333539
2.301151	4.415989	3.408536
2.351176	4.509415	3.479449
2.401201	4.597470	3.546283
2.451226	4.680206	3.609077
2.501251	4.757719	3.667904
2.551276	4.830139	3.722864
2.601301	4.897631	3.774082
2.651326	4.960379	3.821699
2.701351	5.018589	3.865870
2.751376	5.072478	3.906762
2.801401	5.122273	3.944546
2.851426	5.168203	3.979397
2.901451	5.210501	4.011491
2.951476	5.249396	4.041002
3.001501	5.285112	4.068102
3.051526	5.317869	4.092955
3.101551	5.347876	4.115721
3.151576	5.375335	4.136555
3.201601	5.400439	4.155602
3.251626	5.423370	4.172999
3.301651	5.444297	4.188876
3.351676	5.463384	4.203357
3.401701	5.480779	4.216554
3.451726	5.496622	4.228574
3.501751	5.511045	4.239516
3.551776	5.524168	4.249472
3.601801	5.536103	4.258526
3.651826	5.546952	4.266757
3.701851	5.556810	4.274236
3.751876	5.565766	4.281030
3.801901	5.573898	4.287200
3.851926	5.581282	4.292801
3.901951	5.587983	4.297884
3.951976	5.594063	4.302497
4.002001	0.559406	0.430250
4.052026	0.611900	0.470070
4.102051	0.668677	0.513131
4.152076	0.729964	0.559604
4.202101	0.795976	0.609654
4.252126	0.866913	0.663429
4.302151	0.942953	0.721065
4.352176	1.024245	0.782675
4.402201	1.110904	0.848344
4.452226	1.203001	0.918127
4.502251	1.300564	0.992044
4.552276	1.403561	1.070072
4.602301	1.511903	1.152142
4.652326	1.625434	1.238136
4.702351	1.743928	1.327883
4.752376	1.867089	1.421159
4.802401	1.994548	1.517684
4.852426	2.125864	1.617126
4.902451	2.260533	1.719100
4.952476	2.397987	1.823180
5.002501	2.537609	1.928896
5.052526	2.678739	2.035750
5.102551	2.820687	2.143220
5.152576	2.962749	2.250772
5.202601	3.104217	2.357872
5.252626	3.244395	2.463992
5.302651	3.382612	2.568625
5.352676	3.518236	2.671293
5.402701	3.650683	2.771554
5.452726	3.779427	2.869010
5.502751	3.904007	2.963313
5.552776	4.024031	3.054165
5.602801	4.139179	3.141325
5.652826	4.249202	3.224605
5.702851	4.353924	3.303871
5.752876	4.453234	3.379040
5.802901	4.547083	3.450074
5.852926	4.635479	3.516981
5.902951	4.718480	3.579805
5.952976	4.796190	3.638622
6.003002	4.868746	3.693539
6.053027	4.936318	3.744683
6.103052	4.999099	3.792200
6.153077	5.057300	3.836250
6.203102	5.111144	3.877003
6.253127	5.160864	3.914635
6.303152	5.206695	3.949323
6.353177	5.248874	3.981246
6.403202	5.287633	4.010581
6.453227	5.323202	4.037501
6.503252	5.355802	4.062175
6.553277	5.385646	4.084763
6.603302	5.412940	4.105420
6.653327	5.437877	4.124294
6.703352	5.460641	4.141522
6.753377	5.481404	4.157237
6.803402	5.500328	4.171559
6.853427	5.517565	4.184605
6.903452	5.533256	4.196480
6.953477	5.547531	4.207284
7.003502	5.560511	4.217109
7.053527	5.572310	4.226038
7.103552	5.583029	4.234151
7.153577	5.592764	4.241519
7.203602	5.601602	4.248208
7.253627	5.609624	4.254279
7.303652	5.616903	4.259788
7.353677	5.623505	4.264785
7.403702	5.629492	4.269316
7.453727	5.634921	4.273425
7.503752	5.639843	4.277150
7.553777	5.644304	4.280526
7.603802	5.648346	4.283586
7.653827	5.652009	4.286358
7.703852	5.655328	4.288870
7.753877	5.658334	4.291145
7.803902	5.661057	4.293206
7.853927	5.663524	4.295073
7.903952	5.665757	4.296763
7.953977	5.667780	4.298294
8.004002	0.566778	0.429829
8.054027	0.619917	0.470046
8.104052	0.677380	0.513534
8.154077	0.739393	0.560464
8.204102	0.806170	0.610999
8.254127	0.877909	0.665287
8.304152	0.954784	0.723460
8.354177	1.036941	0.785629
8.404202	1.124489	0.851877
8.454227	1.217495	0.922253
8.504252	1.315978	0.996773
8.554277	1.419899	1.075406
8.604302	1.529159	1.158078
8.654327	1.643591	1.244663
8.704352	1.762961	1.334982
8.754377	1.886960	1.428803
8.804402	2.015206	1.525837
8.854427	2.147251	1.625744
8.904452	2.282576	1.728133
8.954477	2.420607	1.832567
9.004502	2.560715	1.938573
9.054527	2.702235	2.045646
9.104552	2.844472	2.153261
9.154577	2.986716	2.260882
9.204602	3.128260	2.367972
9.254627	3.268408	2.474005
9.304652	3.406493	2.578477
9.354677	3.541887	2.680913
9.404702	3.674013	2.780875
9.454727	3.802351	2.877972
9.504752	3.926451	2.971862
9.554777	4.045930	3.062256
9.604802	4.160479	3.148920
9.654827	4.269859	3.231673
9.704852	4.373903	3.310389
9.754877	4.472511	3.384992
9.804902	4.565642	3.455451
9.854927	4.653315	3.521781
9.904952	4.735594	3.584030
9.954977	4.812589	3.642281
10.005003	4.884444	3.696643
10.055028	4.951332	3.747248
10.105053	5.013452	3.794245
10.155078	5.071017	3.837796
10.205103	5.124253	3.878072
10.255128	5.173393	3.915249
10.305153	5.218675	3.949508
10.355178	5.260335	3.981025
10.405203	5.298606	4.009980
10.455228	5.333717	4.036543
10.505253	5.365889	4.060883
10.555278	5.395335	4.083160
10.605303	5.422257	4.103528
10.655328	5.446849	4.122133
10.705353	5.469293	4.139113
10.755378	5.489761	4.154598
10.805403	5.508412	4.168709
10.855428	5.525398	4.181559
10.905453	5.540857	4.193255
10.955478	5.554919	4.203893
11.005503	5.567704	4.213566
11.055528	5.579323	4.222356
11.105553	5.589878	4.230342
11.155578	5.599462	4.237593
11.205603	5.608163	4.244175
11.255628	5.616058	4.250148
11.305653	5.623221	4.255567
11.355678	5.629718	4.260483
11.405703	5.635609	4.264940
11.455728	5.640951	4.268981
11.505753	5.645792	4.272643
11.555778	5.650180	4.275963
11.605803	5.654156	4.278971
11.655828	5.657758	4.281696
11.705853	5.661021	4.284165
11.755878	5.663977	4.286401
11.805903	5.666654	4.288427
11.855928	5.669079	4.290261
11.905953	5.671274	4.291922
11.955978	5.673262	4.293426
12.006003	0.567326	0.429343
12.056028	0.620516	0.469583
12.106053	0.678033	0.513098
12.156078	0.740104	0.560056
12.206103	0.806942	0.610622
12.256128	0.878746	0.664944
12.306153	0.955689	0.723155
12.356178	1.037917	0.785362
12.406203	1.125539	0.851651
12.456228	1.218622	0.922070
12.506253	1.317182	0.996634
12.556278	1.421182	1.075312
12.606303	1.530522	1.158030
12.656328	1.645034	1.244661
12.706353	1.764482	1.335025
12.756378	1.888557	1.428890
12.806403	2.016877	1.525966
12.856428	2.148991	1.625913
12.906453	2.284381	1.728338
12.956478	2.422471	1.832804
13.006503	2.562633	1.938838
13.056528	2.704198	2.045935
13.106553	2.846473	2.153567
13.156578	2.988748	2.261200
13.206603	3.130314	2.368296
13.256628	3.270477	2.474331
13.306653	3.408567	2.578797
13.356678	3.543959	2.681222
13.406703	3.676074	2.781169
13.456728	3.804396	2.878246
13.506753	3.928472	2.972110
13.556778	4.047922	3.062475
13.606803	4.162436	3.149106
13.656828	4.271778	3.231824
13.706853	4.375780	3.310502
13.756878	4.474343	3.385066
13.806903	4.567427	3.455485
13.856928	4.655052	3.521773
13.906953	4.737282	3.583981
13.956978	4.814227	3.642191
14.007004	4.886033	3.696512
14.057029	4.952873	3.747077
14.107054	5.014946	3.794036
14.157079	5.072465	3.837549
14.207104	5.125656	3.877789
14.257129	5.174754	3.914932
14.307154	5.219996	3.949157
14.357179	5.261617	3.980644
14.407204	5.299851	4.009568
14.457229	5.334928	4.036104
14.507254	5.367067	4.060418
14.557279	5.396482	4.082670
14.607304	5.423376	4.103016
14.657329	5.447942	4.121600
14.707354	5.470361	4.138560
14.757379	5.490805	4.154026
14.807404	5.509435	4.168120
14.857429	5.526401	4.180955
14.907454	5.541842	4.192636
14.957479	5.555887	4.203261
15.007504	5.568656	4.212921
15.057529	5.580261	4.221700
15.107554	5.590802	4.229674
15.157579	5.600374	4.236916
15.207604	5.609064	4.243489
15.257629	5.616949	4.249454
15.307654	5.624102	4.254866
15.357679	5.630590	4.259775
15.407704	5.636474	4.264225
15.457729	5.641808	4.268260
15.507754	5.646643	4.271918
15.557779	5.651024	4.275233
15.607804	5.654995	4.278236
15.657829	5.658592	4.280958
15.707854	5.661850	4.283423
15.757879	5.664802	4.285656
15.807904	5.667475	4.287678
15.857929	5.669896	4.289509
15.907954	5.672088	4.291168
15.957979	5.674073	4.292669
16.008004	0.567407	0.429267
16.058029	0.620605	0.469511
16.108054	0.678130	0.513029
16.158079	0.740209	0.559992
16.208104	0.807057	0.610563
16.258129	0.878870	0.664890
16.308154	0.955824	0.723105
16.358179	1.038062	0.785319
16.408204	1.125695	0.851614
16.458229	1.218789	0.922039
16.508254	1.317361	0.996609
16.558279	1.421373	1.075295
16.608304	1.530724	1.158019
16.658329	1.645248	1.244656
16.708354	1.764708	1.335028
16.758379	1.888794	1.428899
16.808404	2.017125	1.525982
16.858429	2.149250	1.625934
16.908454	2.284650	1.728364
16.958479	2.422748	1.832836
17.008504	2.562918	1.938874
17.058529	2.704490	2.045974
17.108554	2.846771	2.153609
17.158579	2.989051	2.261244
17.208604	3.130621	2.368341
17.258629	3.270785	2.474375
17.308654	3.408876	2.578841
17.358679	3.544268	2.681265
17.408704	3.676382	2.781209
17.458729	3.804701	2.878283
17.508754	3.928774	2.972144
17.558779	4.048220	3.062504
17.608804	4.162729	3.149130
17.658829	4.272065	3.231843
17.708854	4.376061	3.310516
17.758879	4.474617	3.385073
17.808904	4.567695	3.455487
17.858929	4.655312	3.521769
17.908954	4.737535	3.583970
17.958979	4.814473	3.642174
18.009005	4.886271	3.696490
18.059030	4.953105	3.747049
18.109055	5.015170	3.794001
18.159080	5.072682	3.837509
18.209105	5.125868	3.877744
18.259130	5.174959	3.914882
18.309155	5.220195	3.949102
18.359180	5.261810	3.980584
18.409205	5.300039	4.009504
18.459230	5.335110	4.036036
18.509255	5.367245	4.060346
18.559280	5.396656	4.082595
18.609305	5.423545	4.102937
18.659330	5.448107	4.121517
18.709355	5.470522	4.138475
18.759380	5.490963	4.153938
18.809405	5.509590	4.168030
18.859430	5.526553	4.180862
18.909455	5.541991	4.192541
18.959480	5.556034	4.203164
19.009505	5.568801	4.212822
19.059530	5.580403	4.221599
19.109555	5.590942	4.229573
19.159580	5.600513	4.236813
19.209605	5.609200	4.243385
19.259630	5.617084	4.249349
19.309655	5.624236	4.254759
19.359680	5.630723	4.259667
19.409705	5.636605	4.264116
19.459730	5.641938	4.268151
19.509755	5.646772	4.271807
19.559780	5.651153	4.275121
19.609805	5.655122	4.278124
19.659830	5.658718	4.280845
19.709855	5.661976	4.283310
19.759880	5.664927	4.285542
19.809905	5.667600	4.287564
19.859930	5.670020	4.289395
19.909955	5.672212	4.291053
19.959980	5.674197	4.292554
20.010005	0.567420	0.429255
20.060030	0.620618	0.469500
20.110055	0.678145	0.513019
20.160080	0.740225	0.559983
20.210105	0.807074	0.610554
20.260130	0.878889	0.664882
20.310155	0.955844	0.723098
20.360180	1.038084	0.785312
20.410205	1.125719	0.851608
20.460230	1.218814	0.922035
20.510255	1.317388	0.996606
20.560280	1.421402	1.075292
20.610305	1.530755	1.158017
20.660330	1.645281	1.244656
20.710355	1.764742	1.335028
20.760380	1.888830	1.428900
20.810405	2.017163	1.525984
20.860430	2.149289	1.625937
20.910455	2.284691	1.728368
20.960480	2.422791	1.832840
21.010505	2.562961	1.938879
21.060530	2.704535	2.045979
21.110555	2.846817	2.153615
21.160580	2.989097	2.261250
21.210605	3.130667	2.368348
21.260630	3.270832	2.474382
21.310655	3.408924	2.578848
21.360680	3.544315	2.681271
21.410705	3.676429	2.781215
21.460730	3.804748	2.878288
21.510755	3.928820	2.972149
21.560780	4.048265	3.062509
21.610805	4.162773	3.149134
21.660830	4.272108	3.231846
21.710855	4.376104	3.310518
21.760880	4.474659	3.385075
21.810905	4.567736	3.455487
21.860930	4.655352	3.521768
21.910955	4.737573	3.583969
21.960980	4.814510	3.642172
22.011006	4.886308	3.696486
22.061031	4.953140	3.747045
22.111056	5.015204	3.793996
22.161081	5.072716	3.837503
22.211106	5.125900	3.877737
22.261131	5.174991	3.914874
22.311156	5.220225	3.949094
22.361181	5.261839	3.980575
22.411206	5.300068	4.009495
22.461231	5.335138	4.036026
22.511256	5.367272	4.060335
22.561281	5.396682	4.082583
22.611306	5.423571	4.102925
22.661331	5.448132	4.121505
22.711356	5.470547	4.138462
22.761381	5.490987	4.153925
22.811406	5.509614	4.168016
22.861431	5.526576	4.180848
22.911456	5.542014	4.192526
22.961481	5.556056	4.203149
23.011506	5.568823	4.212807
23.061531	5.580425	4.221584
23.111556	5.590964	4.229557
23.161581	5.600534	4.236797
23.211606	5.609221	4.243369
23.261631	5.617105	4.249332
23.311656	5.624256	4.254743
23.361681	5.630743	4.259650
23.411706	5.636625	4.264100
23.461731	5.641958	4.268134
23.511756	5.646792	4.271791
23.561781	5.651172	4.275104
23.611806	5.655141	4.278107
23.661831	5.658738	4.280828
23.711856	5.661996	4.283292
23.761881	5.664946	4.285525
23.811906	5.667619	4.287547
23.861931	5.670039	4.289377
23.911956	5.672231	4.291035
23.961981	5.674215	4.292537
24.012006	0.567422	0.429254
24.062031	0.620620	0.469498
24.112056	0.678147	0.513017
24.162081	0.740228	0.559981
24.212106	0.807077	0.610552
24.262131	0.878892	0.664880
24.312156	0.955847	0.723097
24.362181	1.038087	0.785311
24.412206	1.125722	0.851607
24.462231	1.218818	0.922034
24.512256	1.317392	0.996605
24.562281	1.421406	1.075291
24.612306	1.530760	1.158017
24.662331	1.645286	1.244656
24.712356	1.764747	1.335028
24.762381	1.888836	1.428901
24.812406	2.017169	1.525984
24.862431	2.149295	1.625937
24.912456	2.284697	1.728369
24.962481	2.422797	1.832841
25.012506	2.562968	1.938880
25.062531	2.704542	2.045980
25.112556	2.846824	2.153616
25.162581	2.989104	2.261251
25.212606	3.130674	2.368349
25.262631	3.270839	2.474383
25.312656	3.408931	2.578849
25.362681	3.544322	2.681272
25.412706	3.676436	2.781216
25.462731	3.804755	2.878289
25.512756	3.928827	2.972150
25.562781	4.048272	3.062509
25.612806	4.162780	3.149135
25.662831	4.272115	3.231846
25.712856	4.376110	3.310518
25.762881	4.474665	3.385075
25.812906	4.567742	3.455487
25.862931	4.655358	3.521768
25.912956	4.737579	3.583969
25.962981	4.814516	3.642171
26.013007	4.886313	3.696486
26.063032	4.953145	3.747044
26.113057	5.015210	3.793996
26.163082	5.072721	3.837502
26.213107	5.125905	3.877736
26.263132	5.174995	3.914873
26.313157	5.220229	3.949092
26.363182	5.261844	3.980574
26.413207	5.300072	4.009493
26.463232	5.335142	4.036024
26.513257	5.367276	4.060333
26.563282	5.396686	4.082582
26.613307	5.423575	4.102923
26.663332	5.448136	4.121503
26.713357	5.470551	4.138460
26.763382	5.490991	4.153923
26.813407	5.509617	4.168014
26.863432	5.526580	4.180846
26.913457	5.542017	4.192524
26.963482	5.556059	4.203147
27.013507	5.568826	4.212805
27.063532	5.580428	4.221582
27.113557	5.590967	4.229555
27.163582	5.600537	4.236794
27.213607	5.609224	4.243366
27.263632	5.617108	4.249330
27.313657	5.624260	4.254740
27.363682	5.630746	4.259648
27.413707	5.636628	4.264097
27.463732	5.641961	4.268131
27.513757	5.646795	4.271788
27.563782	5.651175	4.275102
27.613807	5.655144	4.278105
27.663832	5.658741	4.280825
27.713857	5.661998	4.283290
27.763882	5.664949	4.285522
27.813907	5.667622	4.287544
27.863932	5.670042	4.289375
27.913957	5.672234	4.291033
27.963982	5.674218	4.292534
28.014007	0.567422	0.429253
28.064032	0.620621	0.469498
28.114057	0.678147	0.513017
28.164082	0.740228	0.559981
28.214107	0.807077	0.610552
28.264132	0.878892	0.664880
28.314157	0.955848	0.723097
28.364182	1.038088	0.785311
28.414207	1.125723	0.851607
28.464232	1.218819	0.922034
28.514257	1.317393	0.996605
28.564282	1.421407	1.075291
28.614307	1.530760	1.158017
28.664332	1.645287	1.244656
28.714357	1.764748	1.335028
28.764382	1.888836	1.428901
28.814407	2.017170	1.525984
28.864432	2.149296	1.625938
28.914457	2.284698	1.728369
28.964482	2.422798	1.832841
29.014507	2.562969	1.938880
29.064532	2.704543	2.045981
29.114557	2.846825	2.153616
29.164582	2.989105	2.261251
29.214607	3.130675	2.368349
29.264632	3.270840	2.474383
29.314657	3.408932	2.578849
29.364682	3.544323	2.681272
29.414707	3.676437	2.781216
29.464732	3.804756	2.878289
29.514757	3.928828	2.972150
29.564782	4.048273	3.062509
29.614807	4.162781	3.149135
29.664832	4.272116	3.231846
29.714857	4.376111	3.310518
29.764882	4.474666	3.385075
29.814907	4.567743	3.455487
29.864932	4.655358	3.521768
29.914957	4.737580	3.583969
29.964982	4.814517	3.642171
30.015008	4.886314	3.696486
30.065033	4.953146	3.747044
30.115058	5.015210	3.793995
30.165083	5.072721	3.837502
30.215108	5.125905	3.877736
30.265133	5.174996	3.914873
30.315158	5.220230	3.949092
30.365183	5.261844	3.980573
30.415208	5.300073	4.009493
30.465233	5.335143	4.036024
30.515258	5.367277	4.060333
30.565283	5.396687	4.082581
30.615308	5.423576	4.102923
30.665333	5.448136	4.121503
30.715358	5.470551	4.138460
30.765383	5.490992	4.153923
30.815408	5.509618	4.168013
30.865433	5.526580	4.180845
30.915458	5.542018	4.192524
30.965483	5.556060	4.203147
31.015508	5.568827	4.212805
31.065533	5.580428	4.221582
31.115558	5.590968	4.229554
31.165583	5.600538	4.236794
31.215608	5.609225	4.243366
31.265633	5.617108	4.249330
31.315658	5.624260	4.254740
31.365683	5.630747	4.259647
31.415708	5.636629	4.264097
31.465733	5.641961	4.268131
31.515758	5.646795	4.271788
31.565783	5.651176	4.275101
31.615808	5.655145	4.278104
31.665833	5.658741	4.280825
31.715858	5.661999	4.283289
31.765883	5.664950	4.285522
31.815908	5.667622	4.287543
31.865933	5.670043	4.289374
31.915958	5.672234	4.291032
31.965983	5.674219	4.292534
32.016008	0.567422	0.429253
32.066033	0.620621	0.469498
32.116058	0.678147	0.513017
32.166083	0.740228	0.559981
32.216108	0.807077	0.610552
32.266133	0.878892	0.664880
32.316158	0.955848	0.723097
32.366183	1.038088	0.785311
32.416208	1.125723	0.851607
32.466233	1.218819	0.922034
32.516258	1.317393	0.996605
32.566283	1.421407	1.075291
32.616308	1.530761	1.158017
32.666333	1.645287	1.244656
32.716358	1.764748	1.335028
32.766383	1.888837	1.428901
32.816408	2.017170	1.525984
32.866433	2.149296	1.625938
32.916458	2.284698	1.728369
32.966483	2.422798	1.832841
33.016508	2.562969	1.938880
33.066533	2.704543	2.045981
33.116558	2.846825	2.153616
33.166583	2.989105	2.261251
33.216608	3.130675	2.368349
33.266633	3.270840	2.474383
33.316658	3.408932	2.578849
33.366683	3.544323	2.681272
33.416708	3.676437	2.781216
33.466733	3.804756	2.878289
33.516758	3.928828	2.972150
33.566783	4.048273	3.062509
33.616808	4.162781	3.149135
33.666833	4.272116	3.231846
33.716858	4.376111	3.310518
33.766883	4.474666	3.385075
33.816908	4.567743	3.455487
33.866933	4.655359	3.521768
33.916958	4.737580	3.583969
33.966983	4.814517	3.642171
34.017009	4.886314	3.696486
34.067034	4.953146	3.747044
34.117059	5.015211	3.793995
34.167084	5.072722	3.837502
34.217109	5.125905	3.877736
34.267134	5.174996	3.914873
34.317159	5.220230	3.949092
34.367184	5.261845	3.980573
34.417209	5.300073	4.009493
34.467234	5.335143	4.036024
34.517259	5.367277	4.060333
34.567284	5.396687	4.082581
34.617309	5.423576	4.102923
34.667334	5.448136	4.121503
34.717359	5.470551	4.138460
34.767384	5.490992	4.153923
34.817409	5.509618	4.168013
34.867434	5.526580	4.180845
34.917459	5.542018	4.192524
34.967484	5.556060	4.203147
35.017509	5.568827	4.212805
35.067534	5.580429	4.221581
35.117559	5.590968	4.229554
35.167584	5.600538	4.236794
35.217609	5.609225	4.243366
35.267634	5.617108	4.249330
35.317659	5.624260	4.254740
35.367684	5.630747	4.259647
35.417709	5.636629	4.264097
35.467734	5.641961	4.268131
35.517759	5.646795	4.271788
35.567784	5.651176	4.275101
35.617809	5.655145	4.278104
35.667834	5.658741	4.280825
35.717859	5.661999	4.283289
35.767884	5.664950	4.285522
35.817909	5.667622	4.287543
35.867934	5.670043	4.289374
35.917959	5.672234	4.291032
35.967984	5.674219	4.292534
36.018009	0.567422	0.429253
36.068034	0.620621	0.469498
36.118059	0.678147	0.513017
36.168084	0.740228	0.559981
36.218109	0.807077	0.610552
36.268134	0.878892	0.664880
36.318159	0.955848	0.723097
36.368184	1.038088	0.785311
36.418209	1.125723	0.851607
36.468234	1.218819	0.922034
36.518259	1.317393	0.996605
36.568284	1.421407	1.075291
36.618309	1.530761	1.158017
36.668334	1.645287	1.244656
36.718359	1.764748	1.335028
36.768384	1.888837	1.428901
36.818409	2.017170	1.525984
36.868434	2.149296	1.625938
36.918459	2.284698	1.728369
36.968484	2.422798	1.832841
37.018509	2.562969	1.938880
37.068534	2.704543	2.045981
37.118559	2.846825	2.153616
37.168584	2.989105	2.261251
37.218609	3.130675	2.368349
37.268634	3.270840	2.474383
37.318659	3.408932	2.578849
37.368684	3.544323	2.681272
37.418709	3.676437	2.781216
37.468734	3.804756	2.878289
37.518759	3.928828	2.972150
37.568784	4.048273	3.062509
37.618809	4.162781	3.149135
37.668834	4.272116	3.231846
37.718859	4.376111	3.310518
37.768884	4.474666	3.385075
37.818909	4.567743	3.455487
37.868934	4.655359	3.521768
37.918959	4.737580	3.583969
37.968984	4.814517	3.642171
38.019010	4.886314	3.696486
38.069035	4.953146	3.747044
38.119060	5.015211	3.793995
38.169085	5.072722	3.837502
38.219110	5.125905	3.877736
38.269135	5.174996	3.914873
38.319160	5.220230	3.949092
38.369185	5.261845	3.980573
38.419210	5.300073	4.009493
38.469235	5.335143	4.036024
38.519260	5.367277	4.060333
38.569285	5.396687	4.082581
38.619310	5.423576	4.102923
38.669335	5.448136	4.121503
38.719360	5.470551	4.138460
38.769385	5.490992	4.153923
38.819410	5.509618	4.168013
38.869435	5.526580	4.180845
38.919460	5.542018	4.192524
38.969485	5.556060	4.203147
39.019510	5.568827	4.212805
39.069535	5.580429	4.221581
39.119560	5.590968	4.229554
39.169585	5.600538	4.236794
39.219610	5.609225	4.243366
39.269635	5.617108	4.249330
39.319660	5.624260	4.254740
39.369685	5.630747	4.259647
39.419710	5.636629	4.264097
39.469735	5.641961	4.268131
39.519760	5.646795	4.271788
39.569785	5.651176	4.275101
39.619810	5.655145	4.278104
39.669835	5.658741	4.280825
39.719860	5.661999	4.283289
39.769885	5.664950	4.285522
39.819910	5.667622	4.287543
39.869935	5.670043	4.289374
39.919960	5.672234	4.291032
39.969985	5.674219	4.292534
40.020010	0.567422	0.429253
40.070035	0.620621	0.469498
40.120060	0.678147	0.513017
40.170085	0.740228	0.559981
40.220110	0.807077	0.610552
40.270135	0.878892	0.664880
40.320160	0.955848	0.723097
40.370185	1.038088	0.785311
40.420210	1.125723	0.851607
40.470235	1.218819	0.922034
40.520260	1.317393	0.996605
40.570285	1.421407	1.075291
40.620310	1.530761	1.158017
40.670335	1.645287	1.244656
40.720360	1.764748	1.335028
40.770385	1.888837	1.428901
40.820410	2.017170	1.525984
40.870435	2.149296	1.625938
40.920460	2.284698	1.728369
40.970485	2.422798	1.832841
41.020510	2.562969	1.938880
41.070535	2.704543	2.045981
41.120560	2.846825	2.153616
41.170585	2.989105	2.261251
41.220610	3.130675	2.368349
41.270635	3.270840	2.474383
41.320660	3.408932	2.578849
41.370685	3.544323	2.681272
41.420710	3.676437	2.781216
41.470735	3.804756	2.878289
41.520760	3.928828	2.972150
41.570785	4.048273	3.062509
41.620810	4.162781	3.149135
41.670835	4.272116	3.231846
41.720860	4.376111	3.310518
41.770885	4.474666	3.385075
41.820910	4.567743	3.455487
41.870935	4.655359	3.521768
41.920960	4.737580	3.583969
41.970985	4.814517	3.642171
42.021011	4.886314	3.696486
42.071036	4.953146	3.747044
42.121061	5.015211	3.793995
42.171086	5.072722	3.837502
42.221111	5.125905	3.877736
42.271136	5.174996	3.914873
42.321161	5.220230	3.949092
42.371186	5.261845	3.980573
42.421211	5.300073	4.009493
42.471236	5.335143	4.036024
42.521261	5.367277	4.060333
42.571286	5.396687	4.082581
42.621311	5.423576	4.102923
42.671336	5.448136	4.121503
42.721361	5.470551	4.138460
42.771386	5.490992	4.153923
42.821411	5.509618	4.168013
42.871436	5.526580	4.180845
42.921461	5.542018	4.192524
42.971486	5.556060	4.203147
43.021511	5.568827	4.212805
43.071536	5.580429	4.221581
43.121561	5.590968	4.229554
43.171586	5.600538	4.236794
43.221611	5.609225	4.243366
43.271636	5.617108	4.249330
43.321661	5.624260	4.254740
43.371686	5.630747	4.259647
43.421711	5.636629	4.264097
43.471736	5.641961	4.268131
43.521761	5.646795	4.271788
43.571786	5.651176	4.275101
43.621811	5.655145	4.278104
43.671836	5.658741	4.280825
43.721861	5.661999	4.283289
43.771886	5.664950	4.285522
43.821911	5.667622	4.287543
43.871936	5.670043	4.289374
43.921961	5.672234	4.291032
43.971986	5.674219	4.292534
44.022011	0.567422	0.429253
44.072036	0.620621	0.469498
44.122061	0.678147	0.513017
44.172086	0.740228	0.559981
44.222111	0.807077	0.610552
44.272136	0.878892	0.664880
44.322161	0.955848	0.723097
44.372186	1.038088	0.785311
44.422211	1.125723	0.851607
44.472236	1.218819	0.922034
44.522261	1.317393	0.996605
44.572286	1.421407	1.075291
44.622311	1.530761	1.158017
44.672336	1.645287	1.244656
44.722361	1.764748	1.335028
44.772386	1.888837	1.428901
44.822411	2.017170	1.525984
44.872436	2.149296	1.625938
44.922461	2.284698	1.728369
44.972486	2.422798	1.832841
45.022511	2.562969	1.938880
45.072536	2.704543	2.045981
45.122561	2.846825	2.153616
45.172586	2.989105	2.261251
45.222611	3.130676	2.368349
45.272636	3.270840	2.474383
45.322661	3.408932	2.578849
45.372686	3.544323	2.681272
45.422711	3.676437	2.781216
45.472736	3.804756	2.878289
45.522761	3.928828	2.972150
45.572786	4.048273	3.062509
45.622811	4.162781	3.149135
45.672836	4.272116	3.231846
45.722861	4.376111	3.310518
45.772886	4.474666	3.385075
45.822911	4.567743	3.455487
45.872936	4.655359	3.521768
45.922961	4.737580	3.583969
45.972986	4.814517	3.642171
46.023012	4.886314	3.696486
46.073037	4.953146	3.747044
46.123062	5.015211	3.793995
46.173087	5.072722	3.837502
46.223112	5.125905	3.877736
46.273137	5.174996	3.914873
46.323162	5.220230	3.949092
46.373187	5.261845	3.980573
46.423212	5.300073	4.009493
46.473237	5.335143	4.036024
46.523262	5.367277	4.060333
46.573287	5.396687	4.082581
46.623312	5.423576	4.102923
46.673337	5.448136	4.121503
46.723362	5.470551	4.138460
46.773387	5.490992	4.153923
46.823412	5.509618	4.168013
46.873437	5.526580	4.180845
46.923462	5.542018	4.192524
46.973487	5.556060	4.203147
47.023512	5.568827	4.212805
47.073537	5.580429	4.221581
47.123562	5.590968	4.229554
47.173587	5.600538	4.236794
47.223612	5.609225	4.243366
47.273637	5.617108	4.249330
47.323662	5.624260	4.254740
47.373687	5.630747	4.259647
47.423712	5.636629	4.264097
47.473737	5.641961	4.268131
47.523762	5.646795	4.271788
47.573787	5.651176	4.275101
47.623812	5.655145	4.278104
47.673837	5.658741	4.280825
47.723862	5.661999	4.283289
47.773887	5.664950	4.285522
47.823912	5.667622	4.287543
47.873937	5.670043	4.289374
47.923962	5.672234	4.291032
47.973987	5.674219	4.292534
48.024012	0.567422	0.429253
48.074037	0.620621	0.469498
48.124062	0.678147	0.513017
48.174087	0.740228	0.559981
48.224112	0.807077	0.610552
48.274137	0.878892	0.664880
48.324162	0.955848	0.723097
48.374187	1.038088	0.785311
48.424212	1.125723	0.851607
48.474237	1.218819	0.922034
48.524262	1.317393	0.996605
48.574287	1.421407	1.075291
48.624312	1.530761	1.158017
48.674337	1.645287	1.244656
48.724362	1.764748	1.335028
48.774387	1.888837	1.428901
48.824412	2.017170	1.525984
48.874437	2.149296	1.625938
48.924462	2.284698	1.728369
48.974487	2.422798	1.832841
49.024512	2.562969	1.938880
49.074537	2.704543	2.045981
49.124562	2.846825	2.153616
49.174587	2.989105	2.261251
49.224612	3.130676	2.368349
49.274637	3.270840	2.474383
49.324662	3.408932	2.578849
49.374687	3.544323	2.681272
49.424712	3.676437	2.781216
49.474737	3.804756	2.878289
49.524762	3.928828	2.972150
49.574787	4.048273	3.062509
49.624812	4.162781	3.149135
49.674837	4.272116	3.231846
49.724862	4.376111	3.310518
49.774887	4.474666	3.385075
49.824912	4.567743	3.455487
49.874937	4.655359	3.521768
49.924962	4.737580	3.583969
49.974987	4.814517	3.642171
50.025013	4.886314	3.696486
50.075038	4.953146	3.747044
50.125063	5.015211	3.793995
50.175088	5.072722	3.837502
50.225113	5.125905	3.877736
50.275138	5.174996	3.914873
50.325163	5.220230	3.949092
50.375188	5.261845	3.980573
50.425213	5.300073	4.009493
50.475238	5.335143	4.036024
50.525263	5.367277	4.060333
50.575288	5.396687	4.082581
50.625313	5.423576	4.102923
50.675338	5.448136	4.121503
50.725363	5.470551	4.138460
50.775388	5.490992	4.153923
50.825413	5.509618	4.168013
50.875438	5.526580	4.180845
50.925463	5.542018	4.192524
50.975488	5.556060	4.203147
51.025513	5.568827	4.212805
51.075538	5.580429	4.221581
51.125563	5.590968	4.229554
51.175588	5.600538	4.236794
51.225613	5.609225	4.243366
51.275638	5.617108	4.249330
51.325663	5.624260	4.254740
51.375688	5.630747	4.259647
51.425713	5.636629	4.264097
51.475738	5.641961	4.268131
51.525763	5.646795	4.271788
51.575788	5.651176	4.275101
51.625813	5.655145	4.278104
51.675838	5.658741	4.280825
51.725863	5.661999	4.283289
51.775888	5.664950	4.285522
51.825913	5.667622	4.287543
51.875938	5.670043	4.289374
51.925963	5.672234	4.291032
51.975988	5.674219	4.292534
52.026013	0.567422	0.429253
52.076038	0.620621	0.469498
52.126063	0.678147	0.513017
52.176088	0.740228	0.559981
52.226113	0.807077	0.610552
52.276138	0.878892	0.664880
52.326163	0.955848	0.723097
52.376188	1.038088	0.785311
52.426213	1.125723	0.851607
52.476238	1.218819	0.922034
52.526263	1.317393	0.996605
52.576288	1.421407	1.075291
52.626313	1.530761	1.158017
52.676338	1.645287	1.244656
52.726363	1.764748	1.335028
52.776388	1.888837	1.428901
52.826413	2.017170	1.525984
52.876438	2.149296	1.625938
52.926463	2.284698	1.728369
52.976488	2.422798	1.832841
53.026513	2.562969	1.938880
53.076538	2.704543	2.045981
53.126563	2.846825	2.153616
53.176588	2.989105	2.261251
53.226613	3.130676	2.368349
53.276638	3.270840	2.474383
53.326663	3.408932	2.578849
53.376688	3.544323	2.681272
53.426713	3.676437	2.781216
53.476738	3.804756	2.878289
53.526763	3.928828	2.972150
53.576788	4.048273	3.062509
53.626813	4.162781	3.149135
53.676838	4.272116	3.231846
53.726863	4.376111	3.310518
53.776888	4.474666	3.385075
53.826913	4.567743	3.455487
53.876938	4.655359	3.521768
53.926963	4.737580	3.583969
53.976988	4.814517	3.642171
54.027014	4.886314	3.696486
54.077039	4.953146	3.747044
54.127064	5.015211	3.793995
54.177089	5.072722	3.837502
54.227114	5.125905	3.877736
54.277139	5.174996	3.914873
54.327164	5.220230	3.949092
54.377189	5.261845	3.980573
54.427214	5.300073	4.009493
54.477239	5.335143	4.036024
54.527264	5.367277	4.060333
54.577289	5.396687	4.082581
54.627314	5.423576	4.102923
54.677339	5.448136	4.121503
54.727364	5.470551	4.138460
54.777389	5.490992	4.153923
54.827414	5.509618	4.168013
54.877439	5.526580	4.180845
54.927464	5.542018	4.192524
54.977489	5.556060	4.203147
55.027514	5.568827	4.212805
55.077539	5.580429	4.221581
55.127564	5.590968	4.229554
55.177589	5.600538	4.236794
55.227614	5.609225	4.243366
55.277639	5.617108	4.249330
55.327664	5.624260	4.254740
55.377689	5.630747	4.259647
55.427714	5.636629	4.264097
55.477739	5.641961	4.268131
55.527764	5.646795	4.271788
55.577789	5.651176	4.275101
55.627814	5.655145	4.278104
55.677839	5.658741	4.280825
55.727864	5.661999	4.283289
55.777889	5.664950	4.285522
55.827914	5.667622	4.287543
55.877939	5.670043	4.289374
55.927964	5.672234	4.291032
55.977989	5.674219	4.292534
56.028014	0.567422	0.429253
56.078039	0.620621	0.469498
56.128064	0.678147	0.513017
56.178089	0.740228	0.559981
56.228114	0.807077	0.610552
56.278139	0.878892	0.664880
56.328164	0.955848	0.723097
56.378189	1.038088	0.785311
56.428214	1.125723	0.851607
56.478239	1.218819	0.922034
56.528264	1.317393	0.996605
56.578289	1.421407	1.075291
56.628314	1.530761	1.158017
56.678339	1.645287	1.244656
56.728364	1.764748	1.335028
56.778389	1.888837	1.428901
56.828414	2.017170	1.525984
56.878439	2.149296	1.625938
56.928464	2.284698	1.728369
56.978489	2.422798	1.832841
57.028514	2.562969	1.938880
57.078539	2.704543	2.045981
57.128564	2.846825	2.153616
57.178589	2.989105	2.261251
57.228614	3.130676	2.368349
57.278639	3.270840	2.474383
57.328664	3.408932	2.578849
57.378689	3.544323	2.681272
57.428714	3.676437	2.781216
57.478739	3.804756	2.878289
57.528764	3.928828	2.972150
57.578789	4.048273	3.062509
57.628814	4.162781	3.149135
57.678839	4.272116	3.231846
57.728864	4.376111	3.310518
57.778889	4.474666	3.385075
57.828914	4.567743	3.455487
57.878939	4.655359	3.521768
57.928964	4.737580	3.583969
57.978989	4.814517	3.642171
58.029015	4.886314	3.696486
58.079040	4.953146	3.747044
58.129065	5.015211	3.793995
58.179090	5.072722	3.837502
58.229115	5.125905	3.877736
58.279140	5.174996	3.914873
58.329165	5.220230	3.949092
58.379190	5.261845	3.980573
58.429215	5.300073	4.009493
58.479240	5.335143	4.036024
58.529265	5.367277	4.060333
58.579290	5.396687	4.082581
58.629315	5.423576	4.102923
58.679340	5.448136	4.121503
58.729365	5.470551	4.138460
58.779390	5.490992	4.153923
58.829415	5.509618	4.168013
58.879440	5.526580	4.180845
58.929465	5.542018	4.192524
58.979490	5.556060	4.203147
59.029515	5.568827	4.212805
59.079540	5.580429	4.221581
59.129565	5.590968	4.229554
59.179590	5.600538	4.236794
59.229615	5.609225	4.243366
59.279640	5.617108	4.249330
59.329665	5.624260	4.254740
59.379690	5.630747	4.259647
59.429715	5.636629	4.264097
59.479740	5.641961	4.268131
59.529765	5.646795	4.271788
59.579790	5.651176	4.275101
59.629815	5.655145	4.278104
59.679840	5.658741	4.280825
59.729865	5.661999	4.283289
59.779890	5.664950	4.285522
59.829915	5.667622	4.287543
59.879940	5.670043	4.289374
59.929965	5.672234	4.291032
59.979990	5.674219	4.292534
60.030015	0.567422	0.429253
60.080040	0.620621	0.469498
60.130065	0.678147	0.513017
60.180090	0.740228	0.559981
60.230115	0.807077	0.610552
60.280140	0.878892	0.664880
60.330165	0.955848	0.723097
60.380190	1.038088	0.785311
60.430215	1.125723	0.851607
60.480240	1.218819	0.922034
60.530265	1.317393	0.996605
60.580290	1.421407	1.075291
60.630315	1.530761	1.158017
60.680340	1.645287	1.244656
60.730365	1.764748	1.335028
60.780390	1.888837	1.428901
60.830415	2.017170	1.525984
60.880440	2.149296	1.625938
60.930465	2.284698	1.728369
60.980490	2.422798	1.832841
61.030515	2.562969	1.938880
61.080540	2.704543	2.045981
61.130565	2.846825	2.153616
61.180590	2.989105	2.261251
61.230615	3.130676	2.368349
61.280640	3.270840	2.474383
61.330665	3.408932	2.578849
61.380690	3.544323	2.681272
61.430715	3.676437	2.781216
61.480740	3.804756	2.878289
61.530765	3.928828	2.972150
61.580790	4.048273	3.062509
61.630815	4.162781	3.149135
61.680840	4.272116	3.231846
61.730865	4.376111	3.310518
61.780890	4.474666	3.385075
61.830915	4.567743	3.455487
61.880940	4.655359	3.521768
61.930965	4.737580	3.583969
61.980990	4.814517	3.642171
62.031016	4.886314	3.696486
62.081041	4.953146	3.747044
62.131066	5.015211	3.793995
62.181091	5.072722	3.837502
62.231116	5.125905	3.877736
62.281141	5.174996	3.914873
62.331166	5.220230	3.949092
62.381191	5.261845	3.980573
62.431216	5.300073	4.009493
62.481241	5.335143	4.036024
62.531266	5.367277	4.060333
62.581291	5.396687	4.082581
62.631316	5.423576	4.102923
62.681341	5.448136	4.121503
62.731366	5.470551	4.138460
62.781391	5.490992	4.153923
62.831416	5.509618	4.168013
62.881441	5.526580	4.180845
62.931466	5.542018	4.192524
62.981491	5.556060	4.203147
63.031516	5.568827	4.212805
63.081541	5.580429	4.221581
63.131566	5.590968	4.229554
63.181591	5.600538	4.236794
63.231616	5.609225	4.243366
63.281641	5.617108	4.249330
63.331666	5.624260	4.254740
63.381691	5.630747	4.259647
63.431716	5.636629	4.264097
63.481741	5.641961	4.268131
63.531766	5.646795	4.271788
63.581791	5.651176	4.275101
63.631816	5.655145	4.278104
63.681841	5.658741	4.280825
63.731866	5.661999	4.283289
63.781891	5.664950	4.285522
63.831916	5.667622	4.287543
63.881941	5.670043	4.289374
63.931966	5.672234	4.291032
63.981991	5.674219	4.292534
64.032016	0.567422	0.429253
64.082041	0.620621	0.469498
64.132066	0.678147	0.513017
64.182091	0.740228	0.559981
64.232116	0.807077	0.610552
64.282141	0.878892	0.664880
64.332166	0.955848	0.723097
64.382191	1.038088	0.785311
64.432216	1.125723	0.851607
64.482241	1.218819	0.922034
64.532266	1.317393	0.996605
64.582291	1.421407	1.075291
64.632316	1.530761	1.158017
64.682341	1.645287	1.244656
64.732366	1.764748	1.335028
64.782391	1.888837	1.428901
64.832416	2.017170	1.525984
64.882441	2.149296	1.625938
64.932466	2.284698	1.728369
64.982491	2.422798	1.832841
65.032516	2.562969	1.938880
65.082541	2.704543	2.045981
65.132566	2.846825	2.153616
65.182591	2.989105	2.261251
65.232616	3.130676	2.368349
65.282641	3.270840	2.474383
65.332666	3.408932	2.578849
65.382691	3.544323	2.681272
65.432716	3.676437	2.781216
65.482741	3.804756	2.878289
65.532766	3.928828	2.972150
65.582791	4.048273	3.062509
65.632816	4.162781	3.149135
65.682841	4.272116	3.231846
65.732866	4.376111	3.310518
65.782891	4.474666	3.385075
65.832916	4.567743	3.455487
65.882941	4.655359	3.521768
65.932966	4.737580	3.583969
65.982991	4.814517	3.642171
66.033017	4.886314	3.696486
66.083042	4.953146	3.747044
66.133067	5.015211	3.793995
66.183092	5.072722	3.837502
66.233117	5.125905	3.877736
66.283142	5.174996	3.914873
66.333167	5.220230	3.949092
66.383192	5.261845	3.980573
66.433217	5.300073	4.009493
66.483242	5.335143	4.036024
66.533267	5.367277	4.060333
66.583292	5.396687	4.082581
66.633317	5.423576	4.102923
66.683342	5.448136	4.121503
66.733367	5.470551	4.138460
66.783392	5.490992	4.153923
66.833417	5.509618	4.168013
66.883442	5.526580	4.180845
66.933467	5.542018	4.192524
66.983492	5.556060	4.203147
67.033517	5.568827	4.212805
67.083542	5.580429	4.221581
67.133567	5.590968	4.229554
67.183592	5.600538	4.236794
67.233617	5.609225	4.243366
67.283642	5.617108	4.249330
67.333667	5.624260	4.254740
67.383692	5.630747	4.259647
67.433717	5.636629	4.264097
67.483742	5.641961	4.268131
67.533767	5.646795	4.271788
67.583792	5.651176	4.275101
67.633817	5.655145	4.278104
67.683842	5.658741	4.280825
67.733867	5.661999	4.283289
67.783892	5.664950	4.285522
67.833917	5.667622	4.287543
67.883942	5.670043	4.289374
67.933967	5.672234	4.291032
67.983992	5.674219	4.292534
68.034017	0.567422	0.429253
68.084042	0.620621	0.469498
68.134067	0.678147	0.513017
68.184092	0.740228	0.559981
68.234117	0.807077	0.610552
68.284142	0.878892	0.664880
68.334167	0.955848	0.723097
68.384192	1.038088	0.785311
68.434217	1.125723	0.851607
68.484242	1.218819	0.922034
68.534267	1.317393	0.996605
68.584292	1.421407	1.075291
68.634317	1.530761	1.158017
68.684342	1.645287	1.244656
68.734367	1.764748	1.335028
68.784392	1.888837	1.428901
68.834417	2.017170	1.525984
68.884442	2.149296	1.625938
68.934467	2.284698	1.728369
68.984492	2.422798	1.832841
69.034517	2.562969	1.938880
69.084542	2.704543	2.045981
69.134567	2.846825	2.153616
69.184592	2.989105	2.261251
69.234617	3.130676	2.368349
69.284642	3.270840	2.474383
69.334667	3.408932	2.578849
69.384692	3.544323	2.681272
69.434717	3.676437	2.781216
69.484742	3.804756	2.878289
69.534767	3.928828	2.972150
69.584792	4.048273	3.062509
69.634817	4.162781	3.149135
69.684842	4.272116	3.231846
69.734867	4.376111	3.310518
69.784892	4.474666	3.385075
69.834917	4.567743	3.455487
69.884942	4.655359	3.521768
69.934967	4.737580	3.583969
69.984992	4.814517	3.642171
70.035018	4.886314	3.696486
70.085043	4.953146	3.747044
70.135068	5.015211	3.793995
70.185093	5.072722	3.837502
70.235118	5.125905	3.877736
70.285143	5.174996	3.914873
70.335168	5.220230	3.949092
70.385193	5.261845	3.980573
70.435218	5.300073	4.009493
70.485243	5.335143	4.036024
70.535268	5.367277	4.060333
70.585293	5.396687	4.082581
70.635318	5.423576	4.102923
70.685343	5.448136	4.121503
70.735368	5.470551	4.138460
70.785393	5.490992	4.153923
70.835418	5.509618	4.168013
70.885443	5.526580	4.180845
70.935468	5.542018	4.192524
70.985493	5.556060	4.203147
71.035518	5.568827	4.212805
71.085543	5.580429	4.221581
71.135568	5.590968	4.229554
71.185593	5.600538	4.236794
71.235618	5.609225	4.243366
71.285643	5.617108	4.249330
71.335668	5.624260	4.254740
71.385693	5.630747	4.259647
71.435718	5.636629	4.264097
71.485743	5.641961	4.268131
71.535768	5.646795	4.271788
71.585793	5.651176	4.275101
71.635818	5.655145	4.278104
71.685843	5.658741	4.280825
71.735868	5.661999	4.283289
71.785893	5.664950	4.285522
71.835918	5.667622	4.287543
71.885943	5.670043	4.289374
71.935968	5.672234	4.291032
71.985993	5.674219	4.292534
72.036018	0.567422	0.429253
72.086043	0.620621	0.469498
72.136068	0.678147	0.513017
72.186093	0.740228	0.559981
72.236118	0.807077	0.610552
72.286143	0.878892	0.664880
72.336168	0.955848	0.723097
72.386193	1.038088	0.785311
72.436218	1.125723	0.851607
72.486243	1.218819	0.922034
72.536268	1.317393	0.996605
72.586293	1.421407	1.075291
72.636318	1.530761	1.158017
72.686343	1.645287	1.244656
72.736368	1.764748	1.335028
72.786393	1.888837	1.428901
72.836418	2.017170	1.525984
72.886443	2.149296	1.625938
72.936468	2.284698	1.728369
72.986493	2.422798	1.832841
73.036518	2.562969	1.938880
73.086543	2.704543	2.045981
73.136568	2.846825	2.153616
73.186593	2.989105	2.261251
73.236618	3.130676	2.368349
73.286643	3.270840	2.474383
73.336668	3.408932	2.578849
73.386693	3.544323	2.681272
73.436718	3.676437	2.781216
73.486743	3.804756	2.878289
73.536768	3.928828	2.972150
73.586793	4.048273	3.062509
73.636818	4.162781	3.149135
73.686843	4.272116	3.231846
73.736868	4.376111	3.310518
73.786893	4.474666	3.385075
73.836918	4.567743	3.455487
73.886943	4.655359	3.521768
73.936968	4.737580	3.583969
73.986993	4.814517	3.642171
74.037019	4.886314	3.696486
74.087044	4.953146	3.747044
74.137069	5.015211	3.793995
74.187094	5.072722	3.837502
74.237119	5.125905	3.877736
74.287144	5.174996	3.914873
74.337169	5.220230	3.949092
74.387194	5.261845	3.980573
74.437219	5.300073	4.009493
74.487244	5.335143	4.036024
74.537269	5.367277	4.060333
74.587294	5.396687	4.082581
74.637319	5.423576	4.102923
74.687344	5.448136	4.121503
74.737369	5.470551	4.138460
74.787394	5.490992	4.153923
74.837419	5.509618	4.168013
74.887444	5.526580	4.180845
74.937469	5.542018	4.192524
74.987494	5.556060	4.203147
75.037519	5.568827	4.212805
75.087544	5.580429	4.221581
75.137569	5.590968	4.229554
75.187594	5.600538	4.236794
75.237619	5.609225	4.243366
75.287644	5.617108	4.249330
75.337669	5.624260	4.254740
75.387694	5.630747	4.259647
75.437719	5.636629	4.264097
75.487744	5.641961	4.268131
75.537769	5.646795	4.271788
75.587794	5.651176	4.275101
75.637819	5.655145	4.278104
75.687844	5.658741	4.280825
75.737869	5.661999	4.283289
75.787894	5.664950	4.285522
75.837919	5.667622	4.287543
75.887944	5.670043	4.289374
75.937969	5.672234	4.291032
75.987994	5.674219	4.292534
76.038019	0.567422	0.429253
76.088044	0.620621	0.469498
76.138069	0.678147	0.513017
76.188094	0.740228	0.559981
76.238119	0.807077	0.610552
76.288144	0.878892	0.664880
76.338169	0.955848	0.723097
76.388194	1.038088	0.785311
76.438219	1.125723	0.851607
76.488244	1.218819	0.922034
76.538269	1.317393	0.996605
76.588294	1.421407	1.075291
76.638319	1.530761	1.158017
76.688344	1.645287	1.244656
76.738369	1.764748	1.335028
76.788394	1.888837	1.428901
76.838419	2.017170	1.525984
76.888444	2.149296	1.625938
76.938469	2.284698	1.728369
76.988494	2.422798	1.832841
77.038519	2.562969	1.938880
77.088544	2.704543	2.045981
77.138569	2.846825	2.153616
77.188594	2.989105	2.261251
77.238619	3.130676	2.368349
77.288644	3.270840	2.474383
77.338669	3.408932	2.578849
77.388694	3.544323	2.681272
77.438719	3.676437	2.781216
77.488744	3.804756	2.878289
77.538769	3.928828	2.972150
77.588794	4.048273	3.062509
77.638819	4.162781	3.149135
77.688844	4.272116	3.231846
77.738869	4.376111	3.310518
77.788894	4.474666	3.385075
77.838919	4.567743	3.455487
77.888944	4.655359	3.521768
77.938969	4.737580	3.583969
77.988994	4.814517	3.642171
78.039020	4.886314	3.696486
78.089045	4.953146	3.747044
78.139070	5.015211	3.793995
78.189095	5.072722	3.837502
78.239120	5.125905	3.877736
78.289145	5.174996	3.914873
78.339170	5.220230	3.949092
78.389195	5.261845	3.980573
78.439220	5.300073	4.009493
78.489245	5.335143	4.036024
78.539270	5.367277	4.060333
78.589295	5.396687	4.082581
78.639320	5.423576	4.102923
78.689345	5.448136	4.121503
78.739370	5.470551	4.138460
78.789395	5.490992	4.153923
78.839420	5.509618	4.168013
78.889445	5.526580	4.180845
78.939470	5.542018	4.192524
78.989495	5.556060	4.203147
79.039520	5.568827	4.212805
79.089545	5.580429	4.221581
79.139570	5.590968	4.229554
79.189595	5.600538	4.236794
79.239620	5.609225	4.243366
79.289645	5.617108	4.249330
79.339670	5.624260	4.254740
79.389695	5.630747	4.259647
79.439720	5.636629	4.264097
79.489745	5.641961	4.268131
79.539770	5.646795	4.271788
79.589795	5.651176	4.275101
79.639820	5.655145	4.278104
79.689845	5.658741	4.280825
79.739870	5.661999	4.283289
79.789895	5.664950	4.285522
79.839920	5.667622	4.287543
79.889945	5.670043	4.289374
79.939970	5.672234	4.291032
79.989995	5.674219	4.292534
80.040020	0.567422	0.429253
80.090045	0.620621	0.469498
80.140070	0.678147	0.513017
80.190095	0.740228	0.559981
80.240120	0.807077	0.610552
80.290145	0.878892	0.664880
80.340170	0.955848	0.723097
80.390195	1.038088	0.785311
80.440220	1.125723	0.851607
80.490245	1.218819	0.922034
80.540270	1.317393	0.996605
80.590295	1.421407	1.075291
80.640320	1.530761	1.158017
80.690345	1.645287	1.244656
80.740370	1.764748	1.335028
80.790395	1.888837	1.428901
80.840420	2.017170	1.525984
80.890445	2.149296	1.625938
80.940470	2.284698	1.728369
80.990495	2.422798	1.832841
81.040520	2.562969	1.938880
81.090545	2.704543	2.045981
81.140570	2.846825	2.153616
81.190595	2.989105	2.261251
81.240620	3.130676	2.368349
81.290645	3.270840	2.474383
81.340670	3.408932	2.578849
81.390695	3.544323	2.681272
81.440720	3.676437	2.781216
81.490745	3.804756	2.878289
81.540770	3.928828	2.972150
81.590795	4.048273	3.062509
81.640820	4.162781	3.149135
81.690845	4.272116	3.231846
81.740870	4.376111	3.310518
81.790895	4.474666	3.385075
81.840920	4.567743	3.455487
81.890945	4.655359	3.521768
81.940970	4.737580	3.583969
81.990995	4.814517	3.642171
82.041021	4.886314	3.696486
82.091046	4.953146	3.747044
82.141071	5.015211	3.793995
82.191096	5.072722	3.837502
82.241121	5.125905	3.877736
82.291146	5.174996	3.914873
82.341171	5.220230	3.949092
82.391196	5.261845	3.980573
82.441221	5.300073	4.009493
82.491246	5.335143	4.036024
82.541271	5.367277	4.060333
82.591296	5.396687	4.082581
82.641321	5.423576	4.102923
82.691346	5.448136	4.121503
82.741371	5.470551	4.138460
82.791396	5.490992	4.153923
82.841421	5.509618	4.168013
82.891446	5.526580	4.180845
82.941471	5.542018	4.192524
82.991496	5.556060	4.203147
83.041521	5.568827	4.212805
83.091546	5.580429	4.221581
83.141571	5.590968	4.229554
83.191596	5.600538	4.236794
83.241621	5.609225	4.243366
83.291646	5.617108	4.249330
83.341671	5.624260	4.254740
83.391696	5.630747	4.259647
83.441721	5.636629	4.264097
83.491746	5.641961	4.268131
83.541771	5.646795	4.271788
83.591796	5.651176	4.275101
83.641821	5.655145	4.278104
83.691846	5.658741	4.280825
83.741871	5.661999	4.283289
83.791896	5.664950	4.285522
83.841921	5.667622	4.287543
83.891946	5.670043	4.289374
83.941971	5.672234	4.291032
83.991996	5.674219	4.292534
84.042021	0.567422	0.429253
84.092046	0.620621	0.469498
84.142071	0.678147	0.513017
84.192096	0.740228	0.559981
84.242121	0.807077	0.610552
84.292146	0.878892	0.664880
84.342171	0.955848	0.723097
84.392196	1.038088	0.785311
84.442221	1.125723	0.851607
84.492246	1.218819	0.922034
84.542271	1.317393	0.996605
84.592296	1.421407	1.075291
84.642321	1.530761	1.158017
84.692346	1.645287	1.244656
84.742371	1.764748	1.335028
84.792396	1.888837	1.428901
84.842421	2.017170	1.525984
84.892446	2.149296	1.625938
84.942471	2.284698	1.728369
84.992496	2.422798	1.832841
85.042521	2.562969	1.938880
85.092546	2.704543	2.045981
85.142571	2.846825	2.153616
85.192596	2.989105	2.261251
85.242621	3.130676	2.368349
85.292646	3.270840	2.474383
85.342671	3.408932	2.578849
85.392696	3.544323	2.681272
85.442721	3.676437	2.781216
85.492746	3.804756	2.878289
85.542771	3.928828	2.972150
85.592796	4.048273	3.062509
85.642821	4.162781	3.149135
85.692846	4.272116	3.231846
85.742871	4.376111	3.310518
85.792896	4.474666	3.385075
85.842921	4.567743	3.455487
85.892946	4.655359	3.521768
85.942971	4.737580	3.583969
85.992996	4.814517	3.642171
86.043022	4.886314	3.696486
86.093047	4.953146	3.747044
86.143072	5.015211	3.793995
86.193097	5.072722	3.837502
86.243122	5.125905	3.877736
86.293147	5.174996	3.914873
86.343172	5.220230	3.949092
86.393197	5.261845	3.980573
86.443222	5.300073	4.009493
86.493247	5.335143	4.036024
86.543272	5.367277	4.060333
86.593297	5.396687	4.082581
86.643322	5.423576	4.102923
86.693347	5.448136	4.121503
86.743372	5.470551	4.138460
86.793397	5.490992	4.153923
86.843422	5.509618	4.168013
86.893447	5.526580	4.180845
86.943472	5.542018	4.192524
86.993497	5.556060	4.203147
87.043522	5.568827	4.212805
87.093547	5.580429	4.221581
87.143572	5.590968	4.229554
87.193597	5.600538	4.236794
87.243622	5.609225	4.243366
87.293647	5.617108	4.249330
87.343672	5.624260	4.254740
87.393697	5.630747	4.259647
87.443722	5.636629	4.264097
87.493747	5.641961	4.268131
87.543772	5.646795	4.271788
87.593797	5.651176	4.275101
87.643822	5.655145	4.278104
87.693847	5.658741	4.280825
87.743872	5.661999	4.283289
87.793897	5.664950	4.285522
87.843922	5.667622	4.287543
87.893947	5.670043	4.289374
87.943972	5.672234	4.291032
87.993997	5.674219	4.292534
88.044022	0.567422	0.429253
88.094047	0.620621	0.469498
88.144072	0.678147	0.513017
88.194097	0.740228	0.559981
88.244122	0.807077	0.610552
88.294147	0.878892	0.664880
88.344172	0.955848	0.723097
88.394197	1.038088	0.785311
88.444222	1.125723	0.851607
88.494247	1.218819	0.922034
88.544272	1.317393	0.996605
88.594297	1.421407	1.075291
88.644322	1.530761	1.158017
88.694347	1.645287	1.244656
88.744372	1.764748	1.335028
88.794397	1.888837	1.428901
88.844422	2.017170	1.525984
88.894447	2.149296	1.625938
88.944472	2.284698	1.728369
88.994497	2.422798	1.832841
89.044522	2.562969	1.938880
89.094547	2.704543	2.045981
89.144572	2.846825	2.153616
89.194597	2.989105	2.261251
89.244622	3.130676	2.368349
89.294647	3.270840	2.474383
89.344672	3.408932	2.578849
89.394697	3.544323	2.681272
89.444722	3.676437	2.781216
89.494747	3.804756	2.878289
89.544772	3.928828	2.972150
89.594797	4.048273	3.062509
89.644822	4.162781	3.149135
89.694847	4.272116	3.231846
89.744872	4.376111	3.310518
89.794897	4.474666	3.385075
89.844922	4.567743	3.455487
89.894947	4.655359	3.521768
89.944972	4.737580	3.583969
89.994997	4.814517	3.642171
90.045023	4.886314	3.696486
90.095048	4.953146	3.747044
90.145073	5.015211	3.793995
90.195098	5.072722	3.837502
90.245123	5.125905	3.877736
90.295148	5.174996	3.914873
90.345173	5.220230	3.949092
90.395198	5.261845	3.980573
90.445223	5.300073	4.009493
90.495248	5.335143	4.036024
90.545273	5.367277	4.060333
90.595298	5.396687	4.082581
90.645323	5.423576	4.102923
90.695348	5.448136	4.121503
90.745373	5.470551	4.138460
90.795398	5.490992	4.153923
90.845423	5.509618	4.168013
90.895448	5.526580	4.180845
90.945473	5.542018	4.192524
90.995498	5.556060	4.203147
91.045523	5.568827	4.212805
91.095548	5.580429	4.221581
91.145573	5.590968	4.229554
91.195598	5.600538	4.236794
91.245623	5.609225	4.243366
91.295648	5.617108	4.249330
91.345673	5.624260	4.254740
91.395698	5.630747	4.259647
91.445723	5.636629	4.264097
91.495748	5.641961	4.268131
91.545773	5.646795	4.271788
91.595798	5.651176	4.275101
91.645823	5.655145	4.278104
91.695848	5.658741	4.280825
91.745873	5.661999	4.283289
91.795898	5.664950	4.285522
91.845923	5.667622	4.287543
91.895948	5.670043	4.289374
91.945973	5.672234	4.291032
91.995998	5.674219	4.292534
92.046023	0.567422	0.429253
92.096048	0.620621	0.469498
92.146073	0.678147	0.513017
92.196098	0.740228	0.559981
92.246123	0.807077	0.610552
92.296148	0.878892	0.664880
92.346173	0.955848	0.723097
92.396198	1.038088	0.785311
92.446223	1.125723	0.851607
92.496248	1.218819	0.922034
92.546273	1.317393	0.996605
92.596298	1.421407	1.075291
92.646323	1.530761	1.158017
92.696348	1.645287	1.244656
92.746373	1.764748	1.335028
92.796398	1.888837	1.428901
92.846423	2.017170	1.525984
92.896448	2.149296	1.625938
92.946473	2.284698	1.728369
92.996498	2.422798	1.832841
93.046523	2.562969	1.938880
93.096548	2.704543	2.045981
93.146573	2.846825	2.153616
93.196598	2.989105	2.261251
93.246623	3.130676	2.368349
93.296648	3.270840	2.474383
93.346673	3.408932	2.578849
93.396698	3.544323	2.681272
93.446723	3.676437	2.781216
93.496748	3.804756	2.878289
93.546773	3.928828	2.972150
93.596798	4.048273	3.062509
93.646823	4.162781	3.149135
93.696848	4.272116	3.231846
93.746873	4.376111	3.310518
93.796898	4.474666	3.385075
93.846923	4.567743	3.455487
93.896948	4.655359	3.521768
93.946973	4.737580	3.583969
93.996998	4.814517	3.642171
94.047024	4.886314	3.696486
94.097049	4.953146	3.747044
94.147074	5.015211	3.793995
94.197099	5.072722	3.837502
94.247124	5.125905	3.877736
94.297149	5.174996	3.914873
94.347174	5.220230	3.949092
94.397199	5.261845	3.980573
94.447224	5.300073	4.009493
94.497249	5.335143	4.036024
94.547274	5.367277	4.060333
94.597299	5.396687	4.082581
94.647324	5.423576	4.102923
94.697349	5.448136	4.121503
94.747374	5.470551	4.138460
94.797399	5.490992	4.153923
94.847424	5.509618	4.168013
94.897449	5.526580	4.180845
94.947474	5.542018	4.192524
94.997499	5.556060	4.203147
95.047524	5.568827	4.212805
95.097549	5.580429	4.221581
95.147574	5.590968	4.229554
95.197599	5.600538	4.236794
95.247624	5.609225	4.243366
95.297649	5.617108	4.249330
95.347674	5.624260	4.254740
95.397699	5.630747	4.259647
95.447724	5.636629	4.264097
95.497749	5.641961	4.268131
95.547774	5.646795	4.271788
95.597799	5.651176	4.275101
95.647824	5.655145	4.278104
95.697849	5.658741	4.280825
95.747874	5.661999	4.283289
95.797899	5.664950	4.285522
95.847924	5.667622	4.287543
95.897949	5.670043	4.289374
95.947974	5.672234	4.291032
95.997999	5.674219	4.292534
96.048024	0.567422	0.429253
96.098049	0.620621	0.469498
96.148074	0.678147	0.513017
96.198099	0.740228	0.559981
96.248124	0.807077	0.610552
96.298149	0.878892	0.664880
96.348174	0.955848	0.723097
96.398199	1.038088	0.785311
96.448224	1.125723	0.851607
96.498249	1.218819	0.922034
96.548274	1.317393	0.996605
96.598299	1.421407	1.075291
96.648324	1.530761	1.158017
96.698349	1.645287	1.244656
96.748374	1.764748	1.335028
96.798399	1.888837	1.428901
96.848424	2.017170	1.525984
96.898449	2.149296	1.625938
96.948474	2.284698	1.728369
96.998499	2.422798	1.832841
97.048524	2.562969	1.938880
97.098549	2.704543	2.045981
97.148574	2.846825	2.153616
97.198599	2.989105	2.261251
97.248624	3.130676	2.368349
97.298649	3.270840	2.474383
97.348674	3.408932	2.578849
97.398699	3.544323	2.681272
97.448724	3.676437	2.781216
97.498749	3.804756	2.878289
97.548774	3.928828	2.972150
97.598799	4.048273	3.062509
97.648824	4.162781	3.149135
97.698849	4.272116	3.231846
97.748874	4.376111	3.310518
97.798899	4.474666	3.385075
97.848924	4.567743	3.455487
97.898949	4.655359	3.521768
97.948974	4.737580	3.583969
97.998999	4.814517	3.642171
98.049025	4.886314	3.696486
98.099050	4.953146	3.747044
98.149075	5.015211	3.793995
98.199100	5.072722	3.837502
98.249125	5.125905	3.877736
98.299150	5.174996	3.914873
98.349175	5.220230	3.949092
98.399200	5.261845	3.980573
98.449225	5.300073	4.009493
98.499250	5.335143	4.036024
98.549275	5.367277	4.060333
98.599300	5.396687	4.082581
98.649325	5.423576	4.102923
98.699350	5.448136	4.121503
98.749375	5.470551	4.138460
98.799400	5.490992	4.153923
98.849425	5.509618	4.168013
98.899450	5.526580	4.180845
98.949475	5.542018	4.192524
98.999500	5.556060	4.203147
99.049525	5.568827	4.212805
99.099550	5.580429	4.221581
99.149575	5.590968	4.229554
99.199600	5.600538	4.236794
99.249625	5.609225	4.243366
99.299650	5.617108	4.249330
99.349675	5.624260	4.254740
99.399700	5.630747	4.259647
99.449725	5.636629	4.264097
99.499750	5.641961	4.268131
99.549775	5.646795	4.271788
99.599800	5.651176	4.275101
99.649825	5.655145	4.278104
99.699850	5.658741	4.280825
99.749875	5.661999	4.283289
99.799900	5.664950	4.285522
99.849925	5.667622	4.287543
99.899950	5.670043	4.289374
99.949975	5.672234	4.291032
100.000000	5.674219	4.292534
