Time	Coop	Chea
0.000000	0.200000	0.200000
0.050025	0.220141	0.200018
0.100050	0.242258	0.200037
0.150075	0.266536	0.200057
0.200100	0.293172	0.200079
0.250125	0.322380	0.200102
0.300150	0.354389	0.200128
0.350175	0.389446	0.200156
0.400200	0.427813	0.200188
0.450225	0.469771	0.200224
0.500250	0.515618	0.200264
0.550275	0.565668	0.200310
0.600300	0.620251	0.200364
0.650325	0.679713	0.200428
0.700350	0.744412	0.200504
0.750375	0.814719	0.200596
0.800400	0.891012	0.200711
0.850425	0.973674	0.200855
0.900450	1.063088	0.201040
0.950475	1.159632	0.201281
1.000500	1.263671	0.201604
1.050525	1.375553	0.202045
1.100550	1.495597	0.202661
1.150575	1.624085	0.203543
1.200600	1.761251	0.204834
1.250625	1.907268	0.206769
1.300650	2.062233	0.209738
1.350675	2.226151	0.214385
1.400700	2.398913	0.221775
1.450725	2.580262	0.233619
1.500750	2.769756	0.252518
1.550775	2.966714	0.282035
1.600800	3.170156	0.326337
1.650825	3.378765	0.389384
1.700850	3.590875	0.474134
1.750875	3.804506	0.582253
1.800900	4.017419	0.714224
1.850925	4.227196	0.869471
1.900950	4.431340	1.046330
1.950975	4.627399	1.241957
2.001001	4.813101	1.452322
2.051026	4.986491	1.672383
2.101051	5.146054	1.896447
2.151076	5.290791	2.118670
2.201101	5.420253	2.333581
2.251126	5.534517	2.536542
2.301151	5.634121	2.724047
2.351176	5.719964	2.893840
2.401201	5.793194	3.044864
2.451226	5.855102	3.177092
2.501251	5.907029	3.291286
2.551276	5.950290	3.388751
2.601301	5.986123	3.471110
2.651326	6.015661	3.540120
2.701351	6.039910	3.597541
2.751376	6.059750	3.645039
2.801401	6.075938	3.684141
2.851426	6.089116	3.716203
2.901451	6.099823	3.742407
2.951476	6.108509	3.763768
3.001501	6.115547	3.781142
3.051526	6.121244	3.795250
3.101551	6.125851	3.806688
3.151576	6.129575	3.815952
3.201601	6.132583	3.823447
3.251626	6.135012	3.829507
3.301651	6.136972	3.834403
3.351676	6.138554	3.838357
3.401701	6.139830	3.841550
3.451726	6.140859	3.844126
3.501751	6.141689	3.846205
3.551776	6.142358	3.847881
3.601801	6.142898	3.849234
3.651826	6.143333	3.850324
3.701851	6.143684	3.851203
3.751876	6.143966	3.851912
3.801901	6.144194	3.852484
3.851926	6.144378	3.852944
3.901951	6.144526	3.853316
3.951976	6.144645	3.853615
4.002001	0.614465	0.385362
4.052026	0.672171	0.385479
4.102051	0.734853	0.385619
4.152076	0.802855	0.385788
4.202101	0.876527	0.385995
4.252126	0.956223	0.386254
4.302151	1.042298	0.386583
4.352176	1.135100	0.387009
4.402201	1.234969	0.387572
4.452226	1.342225	0.388330
4.502251	1.457163	0.389375
4.552276	1.580042	0.390846
4.602301	1.711079	0.392965
4.652326	1.850431	0.396084
4.702351	1.998183	0.400777
4.752376	2.154329	0.407980
4.802401	2.318744	0.419217
4.852426	2.491150	0.436930
4.902451	2.671061	0.464862
4.952476	2.857710	0.508292
5.002501	3.049965	0.573715
5.052526	3.246255	0.667658
5.102551	3.444553	0.795030
5.152576	3.642428	0.957982
5.202601	3.837166	1.155727
5.252626	4.025937	1.384874
5.302651	4.205978	1.639818
5.352676	4.374794	1.913139
5.402701	4.530341	2.196163
5.452726	4.671169	2.479743
5.502751	4.796500	2.755171
5.552776	4.906225	3.015006
5.602801	5.000831	3.253661
5.652826	5.081275	3.467638
5.702851	5.148837	3.655435
5.752876	5.204969	3.817225
5.802901	5.251175	3.954413
5.852926	5.288914	4.069193
5.902951	5.319536	4.164158
5.952976	5.344249	4.242009
6.003002	5.364105	4.305351
6.053027	5.380002	4.356573
6.103052	5.392692	4.397791
6.153077	5.402798	4.430826
6.203102	5.410832	4.457219
6.253127	5.417209	4.478253
6.303152	5.422264	4.494981
6.353177	5.426268	4.508263
6.403202	5.429437	4.518796
6.453227	5.431943	4.527140
6.503252	5.433925	4.533746
6.553277	5.435491	4.538971
6.603302	5.436728	4.543102
6.653327	5.437706	4.546367
6.703352	5.438477	4.548947
6.753377	5.439087	4.550985
6.803402	5.439568	4.552595
6.853427	5.439948	4.553866
6.903452	5.440248	4.554869
6.953477	5.440484	4.555662
7.003502	5.440671	4.556287
7.053527	5.440819	4.556781
7.103552	5.440935	4.557170
7.153577	5.441027	4.557478
7.203602	5.441099	4.557720
7.253627	5.441156	4.557912
7.303652	5.441202	4.558063
7.353677	5.441237	4.558183
7.403702	5.441265	4.558277
7.453727	5.441288	4.558351
7.503752	5.441305	4.558410
7.553777	5.441319	4.558456
7.603802	5.441330	4.558493
7.653827	5.441338	4.558521
7.703852	5.441345	4.558544
7.753877	5.441351	4.558562
7.803902	5.441355	4.558576
7.853927	5.441358	4.558587
7.903952	5.441361	4.558596
7.953977	5.441363	4.558603
8.004002	0.544136	0.455860
8.054027	0.595256	0.455972
8.104052	0.650831	0.456102
8.154077	0.711181	0.456256
8.204102	0.776636	0.456440
8.254127	0.847537	0.456665
8.304152	0.924225	0.456944
8.354177	1.007046	0.457294
8.404202	1.096340	0.457743
8.454227	1.192439	0.458330
8.504252	1.295661	0.459113
8.554277	1.406300	0.460178
8.604302	1.524621	0.461659
8.654327	1.650847	0.463763
8.704352	1.785150	0.466820
8.754377	1.927636	0.471356
8.804402	2.078327	0.478225
8.854427	2.237140	0.488813
8.904452	2.403849	0.505350
8.954477	2.578039	0.531313
9.004502	2.759038	0.571795
9.054527	2.945826	0.633491
9.104552	3.136946	0.723805
9.154577	3.330460	0.849095
9.204602	3.523970	1.012916
9.254627	3.714736	1.215252
9.304652	3.899859	1.452716
9.354677	4.076482	1.719125
9.404702	4.242015	2.006137
9.454727	4.394337	2.303995
9.504752	4.531949	2.602473
9.554777	4.654056	2.891913
9.604802	4.760567	3.164168
9.654827	4.852010	3.413227
9.704852	4.929394	3.635449
9.754877	4.994051	3.829420
9.804902	5.047479	3.995546
9.854927	5.091213	4.135546
9.904952	5.126728	4.251943
9.954977	5.155380	4.347637
10.005003	5.178370	4.425591
10.055028	5.196736	4.488620
10.105053	5.211356	4.539277
10.155078	5.222960	4.579792
10.205103	5.232151	4.612071
10.255128	5.239416	4.637709
10.305153	5.245151	4.658023
10.355178	5.249672	4.674088
10.405203	5.253234	4.686772
10.455228	5.256038	4.696775
10.505253	5.258245	4.704656
10.555278	5.259979	4.710861
10.605303	5.261343	4.715743
10.655328	5.262415	4.719583
10.705353	5.263257	4.722601
10.755378	5.263919	4.724974
10.805403	5.264439	4.726838
10.855428	5.264847	4.728302
10.905453	5.265167	4.729453
10.955478	5.265419	4.730356
11.005503	5.265617	4.731066
11.055528	5.265772	4.731623
11.105553	5.265894	4.732061
11.155578	5.265990	4.732405
11.205603	5.266065	4.732674
11.255628	5.266124	4.732886
11.305653	5.266170	4.733053
11.355678	5.266206	4.733183
11.405703	5.266235	4.733286
11.455728	5.266257	4.733366
11.505753	5.266275	4.733430
11.555778	5.266289	4.733479
11.605803	5.266300	4.733518
11.655828	5.266308	4.733549
11.705853	5.266315	4.733573
11.755878	5.266320	4.733592
11.805903	5.266324	4.733606
11.855928	5.266328	4.733618
11.905953	5.266330	4.733627
11.955978	5.266332	4.733634
12.006003	0.526633	0.473363
12.056028	0.576114	0.473473
12.106053	0.629917	0.473600
12.156078	0.688357	0.473750
12.206103	0.751760	0.473929
12.256128	0.820459	0.474145
12.306153	0.894794	0.474411
12.356178	0.975106	0.474743
12.406203	1.061736	0.475166
12.456228	1.155017	0.475714
12.506253	1.255270	0.476439
12.556278	1.362796	0.477417
12.606303	1.477869	0.478765
12.656328	1.600728	0.480662
12.706353	1.731561	0.483392
12.756378	1.870500	0.487406
12.806403	2.017599	0.493432
12.856428	2.172813	0.502648
12.906453	2.335973	0.516960
12.956478	2.506740	0.539378
13.006503	2.684543	0.574439
13.056528	2.868495	0.628394
13.106553	3.057304	0.708697
13.156578	3.249196	0.822488
13.206603	3.441915	0.974631
13.256628	3.632808	1.166444
13.306653	3.818990	1.395569
13.356678	3.997550	1.656500
13.406703	4.165779	1.941265
13.456728	4.321380	2.240182
13.506753	4.462647	2.542795
13.556778	4.588572	2.838938
13.606803	4.698866	3.119756
13.656828	4.793895	3.378456
13.706853	4.874556	3.610659
13.756878	4.942114	3.814340
13.806903	4.998043	3.989473
13.856928	5.043887	4.137519
13.906953	5.081150	4.260889
13.956978	5.111227	4.362484
14.007004	5.135365	4.445335
14.057029	5.154646	4.512367
14.107054	5.169990	4.566254
14.157079	5.182164	4.609351
14.207104	5.191799	4.643678
14.257129	5.199410	4.670930
14.307154	5.205413	4.692509
14.357179	5.210142	4.709561
14.407204	5.213863	4.723014
14.457229	5.216790	4.733614
14.507254	5.219090	4.741957
14.557279	5.220897	4.748520
14.607304	5.222316	4.753678
14.657329	5.223430	4.757730
14.707354	5.224305	4.760912
14.757379	5.224991	4.763411
14.807404	5.225529	4.765372
14.857429	5.225952	4.766911
14.907454	5.226283	4.768118
14.957479	5.226543	4.769066
15.007504	5.226747	4.769809
15.057529	5.226907	4.770392
15.107554	5.227032	4.770849
15.157579	5.227130	4.771208
15.207604	5.227208	4.771489
15.257629	5.227268	4.771710
15.307654	5.227316	4.771883
15.357679	5.227353	4.772019
15.407704	5.227382	4.772125
15.457729	5.227405	4.772209
15.507754	5.227423	4.772274
15.557779	5.227437	4.772325
15.607804	5.227448	4.772366
15.657829	5.227457	4.772397
15.707854	5.227463	4.772422
15.757879	5.227469	4.772441
15.807904	5.227473	4.772457
15.857929	5.227476	4.772469
15.907954	5.227479	4.772478
15.957979	5.227481	4.772485
16.008004	0.522748	0.477249
16.058029	0.571864	0.477358
16.108054	0.625274	0.477484
16.158079	0.683291	0.477633
16.208104	0.746237	0.477810
16.258129	0.814447	0.478025
16.308154	0.888258	0.478288
16.358179	0.968012	0.478616
16.408204	1.054049	0.479033
16.458229	1.146702	0.479573
16.508254	1.246293	0.480286
16.558279	1.353125	0.481245
16.608304	1.467473	0.482565
16.658329	1.589578	0.484418
16.708354	1.719635	0.487080
16.758379	1.857778	0.490985
16.808404	2.004069	0.496836
16.858429	2.158473	0.505768
16.908454	2.320831	0.519619
16.958479	2.490820	0.541300
17.008504	2.667891	0.575219
17.058529	2.851187	0.627512
17.108554	3.039451	0.705607
17.158579	3.230948	0.816781
17.208604	3.423456	0.966184
17.258629	3.614346	1.155451
17.308654	3.800739	1.382486
17.358679	3.979718	1.641960
17.408704	4.148545	1.926006
17.458729	4.304887	2.224974
17.508754	4.446992	2.528372
17.558779	4.573801	2.825926
17.608804	4.684979	3.108626
17.658829	4.780852	3.369498
17.708854	4.862289	3.603985
17.758879	4.930538	3.809916
17.808904	4.987066	3.987156
17.858929	5.033417	4.137097
17.908954	5.071101	4.262119
17.958979	5.101522	4.365118
18.009005	5.125939	4.449138
18.059030	5.145443	4.517129
18.109055	5.160964	4.571791
18.159080	5.173276	4.615510
18.209105	5.183020	4.650330
18.259130	5.190716	4.677972
18.309155	5.196784	4.699856
18.359180	5.201564	4.717148
18.409205	5.205325	4.730787
18.459230	5.208282	4.741532
18.509255	5.210606	4.749988
18.559280	5.212431	4.756637
18.609305	5.213864	4.761862
18.659330	5.214988	4.765966
18.709355	5.215870	4.769188
18.759380	5.216563	4.771718
18.809405	5.217106	4.773702
18.859430	5.217532	4.775260
18.909455	5.217866	4.776481
18.959480	5.218128	4.777439
19.009505	5.218333	4.778191
19.059530	5.218494	4.778780
19.109555	5.218621	4.779242
19.159580	5.218720	4.779605
19.209605	5.218797	4.779889
19.259630	5.218858	4.780112
19.309655	5.218906	4.780286
19.359680	5.218943	4.780423
19.409705	5.218973	4.780531
19.459730	5.218996	4.780615
19.509755	5.219014	4.780681
19.559780	5.219028	4.780733
19.609805	5.219039	4.780773
19.659830	5.219048	4.780805
19.709855	5.219055	4.780830
19.759880	5.219060	4.780850
19.809905	5.219064	4.780865
19.859930	5.219067	4.780877
19.909955	5.219070	4.780886
19.959980	5.219072	4.780894
20.010005	0.521907	0.478089
20.060030	0.570945	0.478198
20.110055	0.624270	0.478325
20.160080	0.682194	0.478474
20.210105	0.745042	0.478651
20.260130	0.813146	0.478864
20.310155	0.886844	0.479127
20.360180	0.966477	0.479454
20.410205	1.052385	0.479870
20.460230	1.144902	0.480408
20.510255	1.244350	0.481118
20.560280	1.351031	0.482074
20.610305	1.465222	0.483387
20.660330	1.587164	0.485232
20.710355	1.717052	0.487879
20.760380	1.855023	0.491761
20.810405	2.001138	0.497574
20.860430	2.155366	0.506446
20.910455	2.317550	0.520199
20.960480	2.487370	0.541722
21.010505	2.664282	0.575397
21.060530	2.847435	0.627333
21.110555	3.035579	0.704951
21.160580	3.226988	0.815558
21.210605	3.419449	0.964361
21.260630	3.610336	1.153067
21.310655	3.796775	1.379638
21.360680	3.975842	1.638785
21.410705	4.144799	1.922664
21.460730	4.301303	2.221634
21.510755	4.443590	2.525194
21.560780	4.570592	2.823050
21.610805	4.681963	3.106155
21.660830	4.778021	3.367498
21.710855	4.859629	3.602483
21.760880	4.928030	3.808905
21.810905	4.984689	3.986606
21.860930	5.031152	4.136963
21.910955	5.068928	4.262348
21.960980	5.099426	4.365655
22.011006	5.123904	4.449933
22.061031	5.143457	4.518135
22.111056	5.159017	4.572968
22.161081	5.171360	4.616823
22.211106	5.181128	4.651752
22.261131	5.188842	4.679480
22.311156	5.194926	4.701432
22.361181	5.199717	4.718776
22.411206	5.203487	4.732457
22.461231	5.206450	4.743233
22.511256	5.208779	4.751714
22.561281	5.210608	4.758382
22.611306	5.212044	4.763622
22.661331	5.213171	4.767738
22.711356	5.214055	4.770969
22.761381	5.214748	4.773505
22.811406	5.215293	4.775495
22.861431	5.215719	4.777056
22.911456	5.216054	4.778281
22.961481	5.216316	4.779241
23.011506	5.216522	4.779995
23.061531	5.216684	4.780585
23.111556	5.216810	4.781049
23.161581	5.216909	4.781412
23.211606	5.216987	4.781697
23.261631	5.217048	4.781920
23.311656	5.217096	4.782095
23.361681	5.217133	4.782232
23.411706	5.217163	4.782340
23.461731	5.217186	4.782424
23.511756	5.217204	4.782490
23.561781	5.217218	4.782542
23.611806	5.217229	4.782583
23.661831	5.217238	4.782615
23.711856	5.217245	4.782640
23.761881	5.217250	4.782659
23.811906	5.217254	4.782675
23.861931	5.217258	4.782687
23.911956	5.217260	4.782696
23.961981	5.217262	4.782704
24.012006	0.521726	0.478270
24.062031	0.570747	0.478379
24.112056	0.624053	0.478506
24.162081	0.681958	0.478654
24.212106	0.744785	0.478831
24.262131	0.812866	0.479045
24.312156	0.886539	0.479307
24.362181	0.966146	0.479635
24.412206	1.052027	0.480050
24.462231	1.144515	0.480588
24.512256	1.243932	0.481297
24.562281	1.350580	0.482252
24.612306	1.464737	0.483564
24.662331	1.586644	0.485407
24.712356	1.716496	0.488051
24.762381	1.854429	0.491928
24.812406	2.000507	0.497733
24.862431	2.154697	0.506592
24.912456	2.316844	0.520324
24.962481	2.486627	0.541813
25.012506	2.663504	0.575436
25.062531	2.846626	0.627295
25.112556	3.034745	0.704811
25.162581	3.226135	0.815295
25.212606	3.418586	0.963969
25.262631	3.609473	1.152554
25.312656	3.795920	1.379024
25.362681	3.975008	1.638100
25.412706	4.143992	1.921942
25.462731	4.300530	2.220913
25.512756	4.442857	2.524507
25.562781	4.569901	2.822427
25.612806	4.681313	3.105620
25.662831	4.777412	3.367065
25.712856	4.859056	3.602157
25.762881	4.927489	3.808685
25.812906	4.984178	3.986486
25.862931	5.030664	4.136932
25.912956	5.068461	4.262395
25.962981	5.098975	4.365769
26.013007	5.123466	4.450103
26.063032	5.143030	4.518350
26.113057	5.158598	4.573220
26.163082	5.170948	4.617105
26.213107	5.180721	4.652058
26.263132	5.188440	4.679804
26.313157	5.194526	4.701771
26.363182	5.199320	4.719126
26.413207	5.203091	4.732815
26.463232	5.206056	4.743599
26.513257	5.208386	4.752085
26.563282	5.210216	4.758757
26.613307	5.211652	4.764001
26.663332	5.212780	4.768119
26.713357	5.213664	4.771352
26.763382	5.214358	4.773889
26.813407	5.214903	4.775880
26.863432	5.215330	4.777443
26.913457	5.215664	4.778668
26.963482	5.215927	4.779629
27.013507	5.216133	4.780383
27.063532	5.216294	4.780974
27.113557	5.216421	4.781437
27.163582	5.216520	4.781800
27.213607	5.216598	4.782085
27.263632	5.216659	4.782309
27.313657	5.216707	4.782484
27.363682	5.216744	4.782621
27.413707	5.216774	4.782729
27.463732	5.216797	4.782813
27.513757	5.216815	4.782879
27.563782	5.216829	4.782931
27.613807	5.216840	4.782972
27.663832	5.216849	4.783004
27.713857	5.216856	4.783029
27.763882	5.216861	4.783049
27.813907	5.216865	4.783064
27.863932	5.216868	4.783076
27.913957	5.216871	4.783085
27.963982	5.216873	4.783093
28.014007	0.521687	0.478309
28.064032	0.570704	0.478418
28.114057	0.624007	0.478545
28.164082	0.681907	0.478693
28.214107	0.744730	0.478870
28.264132	0.812806	0.479084
28.314157	0.886474	0.479346
28.364182	0.966075	0.479673
28.414207	1.051950	0.480089
28.464232	1.144432	0.480627
28.514257	1.243842	0.481336
28.564282	1.350483	0.482290
28.614307	1.464633	0.483602
28.664332	1.586532	0.485444
28.714357	1.716376	0.488088
28.764382	1.854302	0.491964
28.814407	2.000372	0.497767
28.864432	2.154553	0.506623
28.914457	2.316692	0.520351
28.964482	2.486468	0.541833
29.014507	2.663337	0.575444
29.064532	2.846453	0.627287
29.114557	3.034565	0.704781
29.164582	3.225952	0.815238
29.214607	3.418400	0.963884
29.264632	3.609287	1.152444
29.314657	3.795737	1.378892
29.364682	3.974828	1.637953
29.414707	4.143819	1.921787
29.464732	4.300364	2.220757
29.514757	4.442699	2.524359
29.564782	4.569752	2.822294
29.614807	4.681174	3.105505
29.664832	4.777281	3.366971
29.714857	4.858933	3.602087
29.764882	4.927373	3.808638
29.814907	4.984068	3.986460
29.864932	5.030559	4.136925
29.914957	5.068360	4.262406
29.964982	5.098878	4.365794
30.015008	5.123372	4.450139
30.065033	5.142938	4.518396
30.115058	5.158508	4.573274
30.165083	5.170860	4.617166
30.215108	5.180634	4.652123
30.265133	5.188353	4.679873
30.315158	5.194440	4.701843
30.365183	5.199234	4.719201
30.415208	5.203006	4.732892
30.465233	5.205972	4.743677
30.515258	5.208302	4.752165
30.565283	5.210132	4.758838
30.615308	5.211568	4.764082
30.665333	5.212696	4.768201
30.715358	5.213581	4.771434
30.765383	5.214275	4.773972
30.815408	5.214819	4.775963
30.865433	5.215246	4.777526
30.915458	5.215581	4.778751
30.965483	5.215843	4.779712
31.015508	5.216049	4.780466
31.065533	5.216211	4.781057
31.115558	5.216337	4.781520
31.165583	5.216436	4.781884
31.215608	5.216514	4.782169
31.265633	5.216575	4.782392
31.315658	5.216623	4.782567
31.365683	5.216661	4.782705
31.415708	5.216690	4.782812
31.465733	5.216713	4.782897
31.515758	5.216731	4.782963
31.565783	5.216745	4.783015
31.615808	5.216756	4.783056
31.665833	5.216765	4.783088
31.715858	5.216772	4.783113
31.765883	5.216777	4.783132
31.815908	5.216781	4.783148
31.865933	5.216785	4.783160
31.915958	5.216787	4.783169
31.965983	5.216789	4.783176
32.016008	0.521679	0.478318
32.066033	0.570695	0.478427
32.116058	0.623997	0.478553
32.166083	0.681896	0.478702
32.216108	0.744718	0.478879
32.266133	0.812793	0.479092
32.316158	0.886460	0.479355
32.366183	0.966060	0.479682
32.416208	1.051934	0.480097
32.466233	1.144414	0.480635
32.516258	1.243822	0.481344
32.566283	1.350462	0.482299
32.616308	1.464611	0.483610
32.666333	1.586508	0.485452
32.716358	1.716351	0.488096
32.766383	1.854275	0.491971
32.816408	2.000342	0.497774
32.866433	2.154522	0.506630
32.916458	2.316659	0.520356
32.966483	2.486433	0.541837
33.016508	2.663301	0.575446
33.066533	2.846415	0.627286
33.116558	3.034527	0.704774
33.166583	3.225913	0.815226
33.216608	3.418360	0.963866
33.266633	3.609247	1.152420
33.316658	3.795697	1.378863
33.366683	3.974789	1.637921
33.416708	4.143781	1.921754
33.466733	4.300328	2.220724
33.516758	4.442665	2.524328
33.566783	4.569720	2.822265
33.616808	4.681144	3.105481
33.666833	4.777252	3.366951
33.716858	4.858906	3.602072
33.766883	4.927348	3.808628
33.816908	4.984044	3.986454
33.866933	5.030537	4.136924
33.916958	5.068339	4.262408
33.966983	5.098857	4.365799
34.017009	5.123352	4.450147
34.067034	5.142919	4.518406
34.117059	5.158489	4.573286
34.167084	5.170841	4.617179
34.217109	5.180615	4.652137
34.267134	5.188334	4.679888
34.317159	5.194422	4.701859
34.367184	5.199216	4.719217
34.417209	5.202988	4.732909
34.467234	5.205954	4.743694
34.517259	5.208284	4.752182
34.567284	5.210114	4.758855
34.617309	5.211550	4.764099
34.667334	5.212678	4.768218
34.717359	5.213563	4.771452
34.767384	5.214257	4.773990
34.817409	5.214801	4.775981
34.867434	5.215228	4.777543
34.917459	5.215563	4.778769
34.967484	5.215825	4.779730
35.017509	5.216031	4.780484
35.067534	5.216193	4.781075
35.117559	5.216319	4.781538
35.167584	5.216418	4.781902
35.217609	5.216496	4.782187
35.267634	5.216557	4.782410
35.317659	5.216605	4.782585
35.367684	5.216643	4.782723
35.417709	5.216672	4.782830
35.467734	5.216695	4.782915
35.517759	5.216713	4.782981
35.567784	5.216727	4.783033
35.617809	5.216738	4.783074
35.667834	5.216747	4.783106
35.717859	5.216754	4.783131
35.767884	5.216759	4.783150
35.817909	5.216764	4.783165
35.867934	5.216767	4.783178
35.917959	5.216769	4.783187
35.967984	5.216771	4.783194
36.018009	0.521677	0.478319
36.068034	0.570693	0.478429
36.118059	0.623995	0.478555
36.168084	0.681894	0.478704
36.218109	0.744715	0.478880
36.268134	0.812790	0.479094
36.318159	0.886457	0.479356
36.368184	0.966057	0.479684
36.418209	1.051930	0.480099
36.468234	1.144410	0.480637
36.518259	1.243818	0.481346
36.568284	1.350458	0.482300
36.618309	1.464606	0.483612
36.668334	1.586503	0.485454
36.718359	1.716345	0.488097
36.768384	1.854269	0.491973
36.818409	2.000336	0.497776
36.868434	2.154516	0.506631
36.918459	2.316652	0.520358
36.968484	2.486426	0.541838
37.018509	2.663294	0.575446
37.068534	2.846407	0.627285
37.118559	3.034519	0.704773
37.168584	3.225904	0.815224
37.218609	3.418352	0.963862
37.268634	3.609239	1.152415
37.318659	3.795689	1.378857
37.368684	3.974781	1.637915
37.418709	4.143773	1.921747
37.468734	4.300321	2.220717
37.518759	4.442658	2.524321
37.568784	4.569713	2.822259
37.618809	4.681137	3.105475
37.668834	4.777246	3.366947
37.718859	4.858900	3.602068
37.768884	4.927343	3.808626
37.818909	4.984039	3.986453
37.868934	5.030532	4.136924
37.918959	5.068334	4.262408
37.968984	5.098853	4.365800
38.019010	5.123348	4.450149
38.069035	5.142914	4.518408
38.119060	5.158485	4.573288
38.169085	5.170836	4.617181
38.219110	5.180611	4.652140
38.269135	5.188330	4.679891
38.319160	5.194418	4.701862
38.369185	5.199212	4.719221
38.419210	5.202984	4.732913
38.469235	5.205950	4.743698
38.519260	5.208280	4.752185
38.569285	5.210110	4.758859
38.619310	5.211546	4.764103
38.669335	5.212674	4.768222
38.719360	5.213559	4.771456
38.769385	5.214253	4.773993
38.819410	5.214797	4.775985
38.869435	5.215224	4.777547
38.919460	5.215559	4.778773
38.969485	5.215821	4.779734
39.019510	5.216027	4.780488
39.069535	5.216189	4.781079
39.119560	5.216315	4.781542
39.169585	5.216415	4.781906
39.219610	5.216492	4.782191
39.269635	5.216553	4.782414
39.319660	5.216601	4.782589
39.369685	5.216639	4.782727
39.419710	5.216668	4.782834
39.469735	5.216691	4.782919
39.519760	5.216709	4.782985
39.569785	5.216723	4.783037
39.619810	5.216735	4.783077
39.669835	5.216743	4.783109
39.719860	5.216750	4.783134
39.769885	5.216755	4.783154
39.819910	5.216760	4.783169
39.869935	5.216763	4.783181
39.919960	5.216766	4.783191
39.969985	5.216768	4.783198
40.020010	0.521677	0.478320
40.070035	0.570693	0.478429
40.120060	0.623994	0.478555
40.170085	0.681894	0.478704
40.220110	0.744715	0.478881
40.270135	0.812789	0.479094
40.320160	0.886456	0.479357
40.370185	0.966056	0.479684
40.420210	1.051929	0.480100
40.470235	1.144409	0.480637
40.520260	1.243817	0.481346
40.570285	1.350457	0.482301
40.620310	1.464605	0.483613
40.670335	1.586502	0.485455
40.720360	1.716344	0.488098
40.770385	1.854267	0.491973
40.820410	2.000335	0.497776
40.870435	2.154514	0.506632
40.920460	2.316651	0.520358
40.970485	2.486424	0.541838
41.020510	2.663292	0.575446
41.070535	2.846406	0.627285
41.120560	3.034517	0.704773
41.170585	3.225902	0.815223
41.220610	3.418350	0.963862
41.270635	3.609237	1.152414
41.320660	3.795687	1.378856
41.370685	3.974779	1.637913
41.420710	4.143772	1.921745
41.470735	4.300319	2.220715
41.520760	4.442657	2.524319
41.570785	4.569712	2.822257
41.620810	4.681136	3.105474
41.670835	4.777245	3.366946
41.720860	4.858899	3.602068
41.770885	4.927342	3.808625
41.820910	4.984038	3.986453
41.870935	5.030531	4.136923
41.920960	5.068333	4.262408
41.970985	5.098852	4.365801
42.021011	5.123347	4.450149
42.071036	5.142913	4.518409
42.121061	5.158484	4.573289
42.171086	5.170836	4.617182
42.221111	5.180610	4.652141
42.271136	5.188330	4.679892
42.321161	5.194417	4.701863
42.371186	5.199211	4.719222
42.421211	5.202983	4.732913
42.471236	5.205949	4.743699
42.521261	5.208279	4.752186
42.571286	5.210109	4.758860
42.621311	5.211546	4.764104
42.671336	5.212673	4.768223
42.721361	5.213558	4.771456
42.771386	5.214252	4.773994
42.821411	5.214796	4.775986
42.871436	5.215223	4.777548
42.921461	5.215558	4.778774
42.971486	5.215821	4.779735
43.021511	5.216027	4.780488
43.071536	5.216188	4.781080
43.121561	5.216315	4.781543
43.171586	5.216414	4.781907
43.221611	5.216492	4.782191
43.271636	5.216553	4.782415
43.321661	5.216600	4.782590
43.371686	5.216638	4.782727
43.421711	5.216667	4.782835
43.471736	5.216690	4.782920
43.521761	5.216708	4.782986
43.571786	5.216723	4.783038
43.621811	5.216734	4.783078
43.671836	5.216742	4.783110
43.721861	5.216749	4.783135
43.771886	5.216755	4.783155
43.821911	5.216759	4.783170
43.871936	5.216762	4.783182
43.921961	5.216765	4.783192
43.971986	5.216767	4.783199
44.022011	0.521677	0.478320
44.072036	0.570693	0.478429
44.122061	0.623994	0.478555
44.172086	0.681893	0.478704
44.222111	0.744714	0.478881
44.272136	0.812789	0.479095
44.322161	0.886456	0.479357
44.372186	0.966056	0.479684
44.422211	1.051929	0.480100
44.472236	1.144409	0.480637
44.522261	1.243817	0.481347
44.572286	1.350457	0.482301
44.622311	1.464604	0.483613
44.672336	1.586502	0.485455
44.722361	1.716344	0.488098
44.772386	1.854267	0.491973
44.822411	2.000335	0.497776
44.872436	2.154514	0.506632
44.922461	2.316650	0.520358
44.972486	2.486424	0.541838
45.022511	2.663292	0.575446
45.072536	2.846405	0.627285
45.122561	3.034516	0.704773
45.172586	3.225902	0.815223
45.222611	3.418350	0.963861
45.272636	3.609236	1.152413
45.322661	3.795687	1.378856
45.372686	3.974779	1.637913
45.422711	4.143771	1.921745
45.472736	4.300319	2.220715
45.522761	4.442656	2.524319
45.572786	4.569712	2.822257
45.622811	4.681135	3.105474
45.672836	4.777245	3.366946
45.722861	4.858899	3.602068
45.772886	4.927342	3.808625
45.822911	4.984038	3.986453
45.872936	5.030531	4.136923
45.922961	5.068333	4.262408
45.972986	5.098851	4.365801
46.023012	5.123346	4.450149
46.073037	5.142913	4.518409
46.123062	5.158484	4.573289
46.173087	5.170835	4.617182
46.223112	5.180610	4.652141
46.273137	5.188329	4.679892
46.323162	5.194417	4.701863
46.373187	5.199211	4.719222
46.423212	5.202983	4.732913
46.473237	5.205949	4.743699
46.523262	5.208279	4.752186
46.573287	5.210109	4.758860
46.623312	5.211545	4.764104
46.673337	5.212673	4.768223
46.723362	5.213558	4.771457
46.773387	5.214252	4.773994
46.823412	5.214796	4.775986
46.873437	5.215223	4.777548
46.923462	5.215558	4.778774
46.973487	5.215820	4.779735
47.023512	5.216026	4.780489
47.073537	5.216188	4.781080
47.123562	5.216314	4.781543
47.173587	5.216414	4.781907
47.223612	5.216491	4.782192
47.273637	5.216552	4.782415
47.323662	5.216600	4.782590
47.373687	5.216638	4.782728
47.423712	5.216667	4.782835
47.473737	5.216690	4.782920
47.523762	5.216708	4.782986
47.573787	5.216722	4.783038
47.623812	5.216734	4.783078
47.673837	5.216742	4.783110
47.723862	5.216749	4.783135
47.773887	5.216754	4.783155
47.823912	5.216759	4.783170
47.873937	5.216762	4.783182
47.923962	5.216765	4.783192
47.973987	5.216767	4.783199
48.024012	0.521677	0.478320
48.074037	0.570693	0.478429
48.124062	0.623994	0.478555
48.174087	0.681893	0.478704
48.224112	0.744714	0.478881
48.274137	0.812789	0.479095
48.324162	0.886456	0.479357
48.374187	0.966056	0.479684
48.424212	1.051929	0.480100
48.474237	1.144409	0.480637
48.524262	1.243817	0.481347
48.574287	1.350457	0.482301
48.624312	1.464604	0.483613
48.674337	1.586502	0.485455
48.724362	1.716344	0.488098
48.774387	1.854267	0.491973
48.824412	2.000335	0.497776
48.874437	2.154514	0.506632
48.924462	2.316650	0.520358
48.974487	2.486424	0.541838
49.024512	2.663292	0.575446
49.074537	2.846405	0.627285
49.124562	3.034516	0.704773
49.174587	3.225902	0.815223
49.224612	3.418349	0.963861
49.274637	3.609236	1.152413
49.324662	3.795687	1.378856
49.374687	3.974779	1.637913
49.424712	4.143771	1.921745
49.474737	4.300319	2.220715
49.524762	4.442656	2.524319
49.574787	4.569711	2.822257
49.624812	4.681135	3.105474
49.674837	4.777245	3.366946
49.724862	4.858899	3.602068
49.774887	4.927341	3.808625
49.824912	4.984038	3.986453
49.874937	5.030531	4.136923
49.924962	5.068333	4.262408
49.974987	5.098851	4.365801
50.025013	5.123346	4.450149
50.075038	5.142913	4.518409
50.125063	5.158484	4.573289
50.175088	5.170835	4.617182
50.225113	5.180610	4.652141
50.275138	5.188329	4.679892
50.325163	5.194417	4.701863
50.375188	5.199211	4.719222
50.425213	5.202983	4.732913
50.475238	5.205949	4.743699
50.525263	5.208279	4.752186
50.575288	5.210109	4.758860
50.625313	5.211545	4.764104
50.675338	5.212673	4.768223
50.725363	5.213558	4.771457
50.775388	5.214252	4.773994
50.825413	5.214796	4.775986
50.875438	5.215223	4.777548
50.925463	5.215558	4.778774
50.975488	5.215820	4.779735
51.025513	5.216026	4.780489
51.075538	5.216188	4.781080
51.125563	5.216314	4.781543
51.175588	5.216414	4.781907
51.225613	5.216491	4.782192
51.275638	5.216552	4.782415
51.325663	5.216600	4.782590
51.375688	5.216638	4.782728
51.425713	5.216667	4.782835
51.475738	5.216690	4.782920
51.525763	5.216708	4.782986
51.575788	5.216722	4.783038
51.625813	5.216734	4.783079
51.675838	5.216742	4.783110
51.725863	5.216749	4.783135
51.775888	5.216754	4.783155
51.825913	5.216759	4.783170
51.875938	5.216762	4.783182
51.925963	5.216764	4.783192
51.975988	5.216766	4.783199
52.026013	0.521677	0.478320
52.076038	0.570693	0.478429
52.126063	0.623994	0.478555
52.176088	0.681893	0.478704
52.226113	0.744714	0.478881
52.276138	0.812789	0.479095
52.326163	0.886456	0.479357
52.376188	0.966056	0.479684
52.426213	1.051929	0.480100
52.476238	1.144409	0.480637
52.526263	1.243817	0.481347
52.576288	1.350457	0.482301
52.626313	1.464604	0.483613
52.676338	1.586502	0.485455
52.726363	1.716344	0.488098
52.776388	1.854267	0.491973
52.826413	2.000334	0.497776
52.876438	2.154514	0.506632
52.926463	2.316650	0.520358
52.976488	2.486424	0.541838
53.026513	2.663292	0.575446
53.076538	2.846405	0.627285
53.126563	3.034516	0.704773
53.176588	3.225902	0.815223
53.226613	3.418349	0.963861
53.276638	3.609236	1.152413
53.326663	3.795687	1.378856
53.376688	3.974779	1.637913
53.426713	4.143771	1.921745
53.476738	4.300319	2.220715
53.526763	4.442656	2.524319
53.576788	4.569711	2.822257
53.626813	4.681135	3.105474
53.676838	4.777245	3.366946
53.726863	4.858899	3.602068
53.776888	4.927341	3.808625
53.826913	4.984038	3.986453
53.876938	5.030531	4.136923
53.926963	5.068333	4.262408
53.976988	5.098851	4.365801
54.027014	5.123346	4.450149
54.077039	5.142913	4.518409
54.127064	5.158484	4.573289
54.177089	5.170835	4.617182
54.227114	5.180610	4.652141
54.277139	5.188329	4.679892
54.327164	5.194417	4.701863
54.377189	5.199211	4.719222
54.427214	5.202983	4.732914
54.477239	5.205949	4.743699
54.527264	5.208279	4.752186
54.577289	5.210109	4.758860
54.627314	5.211545	4.764104
54.677339	5.212673	4.768223
54.727364	5.213558	4.771457
54.777389	5.214252	4.773994
54.827414	5.214796	4.775986
54.877439	5.215223	4.777548
54.927464	5.215558	4.778774
54.977489	5.215820	4.779735
55.027514	5.216026	4.780489
55.077539	5.216188	4.781080
55.127564	5.216314	4.781543
55.177589	5.216414	4.781907
55.227614	5.216491	4.782192
55.277639	5.216552	4.782415
55.327664	5.216600	4.782590
55.377689	5.216638	4.782728
55.427714	5.216667	4.782835
55.477739	5.216690	4.782920
55.527764	5.216708	4.782986
55.577789	5.216722	4.783038
55.627814	5.216734	4.783079
55.677839	5.216742	4.783110
55.727864	5.216749	4.783135
55.777889	5.216754	4.783155
55.827914	5.216759	4.783170
55.877939	5.216762	4.783182
55.927964	5.216764	4.783192
55.977989	5.216766	4.783199
56.028014	0.521677	0.478320
56.078039	0.570693	0.478429
56.128064	0.623994	0.478555
56.178089	0.681893	0.478704
56.228114	0.744714	0.478881
56.278139	0.812789	0.479095
56.328164	0.886456	0.479357
56.378189	0.966056	0.479684
56.428214	1.051929	0.480100
56.478239	1.144409	0.480637
56.528264	1.243817	0.481347
56.578289	1.350457	0.482301
56.628314	1.464604	0.483613
56.678339	1.586502	0.485455
56.728364	1.716344	0.488098
56.778389	1.854267	0.491973
56.828414	2.000334	0.497776
56.878439	2.154514	0.506632
56.928464	2.316650	0.520358
56.978489	2.486424	0.541838
57.028514	2.663292	0.575446
57.078539	2.846405	0.627285
57.128564	3.034516	0.704773
57.178589	3.225902	0.815223
57.228614	3.418349	0.963861
57.278639	3.609236	1.152413
57.328664	3.795687	1.378856
57.378689	3.974779	1.637913
57.428714	4.143771	1.921745
57.478739	4.300319	2.220715
57.528764	4.442656	2.524319
57.578789	4.569711	2.822257
57.628814	4.681135	3.105474
57.678839	4.777245	3.366946
57.728864	4.858899	3.602068
57.778889	4.927341	3.808625
57.828914	4.984038	3.986453
57.878939	5.030531	4.136923
57.928964	5.068333	4.262408
57.978989	5.098851	4.365801
58.029015	5.123346	4.450149
58.079040	5.142913	4.518409
58.129065	5.158484	4.573289
58.179090	5.170835	4.617182
58.229115	5.180610	4.652141
58.279140	5.188329	4.679892
58.329165	5.194417	4.701863
58.379190	5.199211	4.719222
58.429215	5.202983	4.732914
58.479240	5.205949	4.743699
58.529265	5.208279	4.752186
58.579290	5.210109	4.758860
58.629315	5.211545	4.764104
58.679340	5.212673	4.768223
58.729365	5.213558	4.771457
58.779390	5.214252	4.773994
58.829415	5.214796	4.775986
58.879440	5.215223	4.777548
58.929465	5.215558	4.778774
58.979490	5.215820	4.779735
59.029515	5.216026	4.780489
59.079540	5.216188	4.781080
59.129565	5.216314	4.781543
59.179590	5.216414	4.781907
59.229615	5.216491	4.782192
59.279640	5.216552	4.782415
59.329665	5.216600	4.782590
59.379690	5.216638	4.782728
59.429715	5.216667	4.782835
59.479740	5.216690	4.782920
59.529765	5.216708	4.782986
59.579790	5.216722	4.783038
59.629815	5.216734	4.783079
59.679840	5.216742	4.783110
59.729865	5.216749	4.783135
59.779890	5.216754	4.783155
59.829915	5.216759	4.783170
59.879940	5.216762	4.783182
59.929965	5.216764	4.783192
59.979990	5.216766	4.783199
60.030015	0.521677	0.478320
60.080040	0.570693	0.478429
60.130065	0.623994	0.478555
60.180090	0.681893	0.478704
60.230115	0.744714	0.478881
60.280140	0.812789	0.479095
60.330165	0.886456	0.479357
60.380190	0.966056	0.479684
60.430215	1.051929	0.480100
60.480240	1.144409	0.480637
60.530265	1.243817	0.481347
60.580290	1.350457	0.482301
60.630315	1.464604	0.483613
60.680340	1.586502	0.485455
60.730365	1.716344	0.488098
60.780390	1.854267	0.491973
60.830415	2.000334	0.497776
60.880440	2.154514	0.506632
60.930465	2.316650	0.520358
60.980490	2.486424	0.541838
61.030515	2.663292	0.575446
61.080540	2.846405	0.627285
61.130565	3.034516	0.704773
61.180590	3.225902	0.815223
61.230615	3.418349	0.963861
61.280640	3.609236	1.152413
61.330665	3.795687	1.378856
61.380690	3.974779	1.637913
61.430715	4.143771	1.921745
61.480740	4.300319	2.220715
61.530765	4.442656	2.524319
61.580790	4.569711	2.822257
61.630815	4.681135	3.105474
61.680840	4.777245	3.366946
61.730865	4.858899	3.602068
61.780890	4.927341	3.808625
61.830915	4.984038	3.986453
61.880940	5.030531	4.136923
61.930965	5.068333	4.262408
61.980990	5.098851	4.365801
62.031016	5.123346	4.450149
62.081041	5.142913	4.518409
62.131066	5.158484	4.573289
62.181091	5.170835	4.617182
62.231116	5.180610	4.652141
62.281141	5.188329	4.679892
62.331166	5.194417	4.701863
62.381191	5.199211	4.719222
62.431216	5.202983	4.732914
62.481241	5.205949	4.743699
62.531266	5.208279	4.752186
62.581291	5.210109	4.758860
62.631316	5.211545	4.764104
62.681341	5.212673	4.768223
62.731366	5.213558	4.771457
62.781391	5.214252	4.773994
62.831416	5.214796	4.775986
62.881441	5.215223	4.777548
62.931466	5.215558	4.778774
62.981491	5.215820	4.779735
63.031516	5.216026	4.780489
63.081541	5.216188	4.781080
63.131566	5.216314	4.781543
63.181591	5.216414	4.781907
63.231616	5.216491	4.782192
63.281641	5.216552	4.782415
63.331666	5.216600	4.782590
63.381691	5.216638	4.782728
63.431716	5.216667	4.782835
63.481741	5.216690	4.782920
63.531766	5.216708	4.782986
63.581791	5.216722	4.783038
63.631816	5.216734	4.783079
63.681841	5.216742	4.783110
63.731866	5.216749	4.783135
63.781891	5.216754	4.783155
63.831916	5.216759	4.783170
63.881941	5.216762	4.783182
63.931966	5.216764	4.783192
63.981991	5.216766	4.783199
64.032016	0.521677	0.478320
64.082041	0.570693	0.478429
64.132066	0.623994	0.478555
64.182091	0.681893	0.478704
64.232116	0.744714	0.478881
64.282141	0.812789	0.479095
64.332166	0.886456	0.479357
64.382191	0.966056	0.479684
64.432216	1.051929	0.480100
64.482241	1.144409	0.480637
64.532266	1.243817	0.481347
64.582291	1.350457	0.482301
64.632316	1.464604	0.483613
64.682341	1.586502	0.485455
64.732366	1.716344	0.488098
64.782391	1.854267	0.491973
64.832416	2.000334	0.497776
64.882441	2.154514	0.506632
64.932466	2.316650	0.520358
64.982491	2.486424	0.541838
65.032516	2.663292	0.575446
65.082541	2.846405	0.627285
65.132566	3.034516	0.704773
65.182591	3.225902	0.815223
65.232616	3.418349	0.963861
65.282641	3.609236	1.152413
65.332666	3.795687	1.378856
65.382691	3.974779	1.637913
65.432716	4.143771	1.921745
65.482741	4.300319	2.220715
65.532766	4.442656	2.524319
65.582791	4.569711	2.822257
65.632816	4.681135	3.105474
65.682841	4.777245	3.366946
65.732866	4.858899	3.602068
65.782891	4.927341	3.808625
65.832916	4.984038	3.986453
65.882941	5.030531	4.136923
65.932966	5.068333	4.262408
65.982991	5.098851	4.365801
66.033017	5.123346	4.450149
66.083042	5.142913	4.518409
66.133067	5.158484	4.573289
66.183092	5.170835	4.617182
66.233117	5.180610	4.652141
66.283142	5.188329	4.679892
66.333167	5.194417	4.701863
66.383192	5.199211	4.719222
66.433217	5.202983	4.732914
66.483242	5.205949	4.743699
66.533267	5.208279	4.752186
66.583292	5.210109	4.758860
66.633317	5.211545	4.764104
66.683342	5.212673	4.768223
66.733367	5.213558	4.771457
66.783392	5.214252	4.773994
66.833417	5.214796	4.775986
66.883442	5.215223	4.777548
66.933467	5.215558	4.778774
66.983492	5.215820	4.779735
67.033517	5.216026	4.780489
67.083542	5.216188	4.781080
67.133567	5.216314	4.781543
67.183592	5.216414	4.781907
67.233617	5.216491	4.782192
67.283642	5.216552	4.782415
67.333667	5.216600	4.782590
67.383692	5.216638	4.782728
67.433717	5.216667	4.782835
67.483742	5.216690	4.782920
67.533767	5.216708	4.782986
67.583792	5.216722	4.783038
67.633817	5.216734	4.783079
67.683842	5.216742	4.783110
67.733867	5.216749	4.783135
67.783892	5.216754	4.783155
67.833917	5.216759	4.783170
67.883942	5.216762	4.783182
67.933967	5.216764	4.783192
67.983992	5.216766	4.783199
68.034017	0.521677	0.478320
68.084042	0.570693	0.478429
68.134067	0.623994	0.478555
68.184092	0.681893	0.478704
68.234117	0.744714	0.478881
68.284142	0.812789	0.479095
68.334167	0.886456	0.479357
68.384192	0.966056	0.479684
68.434217	1.051929	0.480100
68.484242	1.144409	0.480637
68.534267	1.243817	0.481347
68.584292	1.350457	0.482301
68.634317	1.464604	0.483613
68.684342	1.586502	0.485455
68.734367	1.716344	0.488098
68.784392	1.854267	0.491973
68.834417	2.000334	0.497776
68.884442	2.154514	0.506632
68.934467	2.316650	0.520358
68.984492	2.486424	0.541838
69.034517	2.663292	0.575446
69.084542	2.846405	0.627285
69.134567	3.034516	0.704773
69.184592	3.225902	0.815223
69.234617	3.418349	0.963861
69.284642	3.609236	1.152413
69.334667	3.795687	1.378856
69.384692	3.974779	1.637913
69.434717	4.143771	1.921745
69.484742	4.300319	2.220715
69.534767	4.442656	2.524319
69.584792	4.569711	2.822257
69.634817	4.681135	3.105474
69.684842	4.777245	3.366946
69.734867	4.858899	3.602068
69.784892	4.927341	3.808625
69.834917	4.984038	3.986453
69.884942	5.030531	4.136923
69.934967	5.068333	4.262408
69.984992	5.098851	4.365801
70.035018	5.123346	4.450149
70.085043	5.142913	4.518409
70.135068	5.158484	4.573289
70.185093	5.170835	4.617182
70.235118	5.180610	4.652141
70.285143	5.188329	4.679892
70.335168	5.194417	4.701863
70.385193	5.199211	4.719222
70.435218	5.202983	4.732914
70.485243	5.205949	4.743699
70.535268	5.208279	4.752186
70.585293	5.210109	4.758860
70.635318	5.211545	4.764104
70.685343	5.212673	4.768223
70.735368	5.213558	4.771457
70.785393	5.214252	4.773994
70.835418	5.214796	4.775986
70.885443	5.215223	4.777548
70.935468	5.215558	4.778774
70.985493	5.215820	4.779735
71.035518	5.216026	4.780489
71.085543	5.216188	4.781080
71.135568	5.216314	4.781543
71.185593	5.216414	4.781907
71.235618	5.216491	4.782192
71.285643	5.216552	4.782415
71.335668	5.216600	4.782590
71.385693	5.216638	4.782728
71.435718	5.216667	4.782835
71.485743	5.216690	4.782920
71.535768	5.216708	4.782986
71.585793	5.216722	4.783038
71.635818	5.216733	4.783079
71.685843	5.216742	4.783110
71.735868	5.216749	4.783135
71.785893	5.216754	4.783155
71.835918	5.216759	4.783170
71.885943	5.216762	4.783182
71.935968	5.216764	4.783192
71.985993	5.216766	4.783199
72.036018	0.521677	0.478320
72.086043	0.570693	0.478429
72.136068	0.623994	0.478555
72.186093	0.681893	0.478704
72.236118	0.744714	0.478881
72.286143	0.812789	0.479095
72.336168	0.886456	0.479357
72.386193	0.966056	0.479684
72.436218	1.051929	0.480100
72.486243	1.144409	0.480637
72.536268	1.243817	0.481347
72.586293	1.350457	0.482301
72.636318	1.464604	0.483613
72.686343	1.586502	0.485455
72.736368	1.716344	0.488098
72.786393	1.854267	0.491973
72.836418	2.000334	0.497776
72.886443	2.154514	0.506632
72.936468	2.316650	0.520358
72.986493	2.486424	0.541838
73.036518	2.663292	0.575446
73.086543	2.846405	0.627285
73.136568	3.034516	0.704773
73.186593	3.225902	0.815223
73.236618	3.418349	0.963861
73.286643	3.609236	1.152413
73.336668	3.795687	1.378856
73.386693	3.974779	1.637913
73.436718	4.143771	1.921745
73.486743	4.300319	2.220715
73.536768	4.442656	2.524319
73.586793	4.569711	2.822257
73.636818	4.681135	3.105474
73.686843	4.777245	3.366946
73.736868	4.858899	3.602068
73.786893	4.927341	3.808625
73.836918	4.984038	3.986453
73.886943	5.030531	4.136923
73.936968	5.068333	4.262408
73.986993	5.098851	4.365801
74.037019	5.123346	4.450149
74.087044	5.142913	4.518409
74.137069	5.158484	4.573289
74.187094	5.170835	4.617182
74.237119	5.180610	4.652141
74.287144	5.188329	4.679892
74.337169	5.194417	4.701863
74.387194	5.199211	4.719222
74.437219	5.202983	4.732914
74.487244	5.205949	4.743699
74.537269	5.208279	4.752186
74.587294	5.210109	4.758860
74.637319	5.211545	4.764104
74.687344	5.212673	4.768223
74.737369	5.213558	4.771457
74.787394	5.214252	4.773994
74.837419	5.214796	4.775986
74.887444	5.215223	4.777548
74.937469	5.215558	4.778774
74.987494	5.215820	4.779735
75.037519	5.216026	4.780489
75.087544	5.216188	4.781080
75.137569	5.216314	4.781543
75.187594	5.216414	4.781907
75.237619	5.216491	4.782192
75.287644	5.216552	4.782415
75.337669	5.216600	4.782590
75.387694	5.216638	4.782728
75.437719	5.216667	4.782835
75.487744	5.216690	4.782920
75.537769	5.216708	4.782986
75.587794	5.216722	4.783038
75.637819	5.216733	4.783079
75.687844	5.216742	4.783110
75.737869	5.216749	4.783135
75.787894	5.216754	4.783155
75.837919	5.216759	4.783170
75.887944	5.216762	4.783182
75.937969	5.216764	4.783192
75.987994	5.216766	4.783199
76.038019	0.521677	0.478320
76.088044	0.570693	0.478429
76.138069	0.623994	0.478555
76.188094	0.681893	0.478704
76.238119	0.744714	0.478881
76.288144	0.812789	0.479095
76.338169	0.886456	0.479357
76.388194	0.966056	0.479684
76.438219	1.051929	0.480100
76.488244	1.144409	0.480637
76.538269	1.243817	0.481347
76.588294	1.350457	0.482301
76.638319	1.464604	0.483613
76.688344	1.586502	0.485455
76.738369	1.716344	0.488098
76.788394	1.854267	0.491973
76.838419	2.000334	0.497776
76.888444	2.154514	0.506632
76.938469	2.316650	0.520358
76.988494	2.486424	0.541838
77.038519	2.663292	0.575446
77.088544	2.846405	0.627285
77.138569	3.034516	0.704773
77.188594	3.225902	0.815223
77.238619	3.418349	0.963861
77.288644	3.609236	1.152413
77.338669	3.795687	1.378856
77.388694	3.974779	1.637913
77.438719	4.143771	1.921745
77.488744	4.300319	2.220715
77.538769	4.442656	2.524319
77.588794	4.569711	2.822257
77.638819	4.681135	3.105474
77.688844	4.777245	3.366946
77.738869	4.858899	3.602068
77.788894	4.927341	3.808625
77.838919	4.984038	3.986453
77.888944	5.030531	4.136923
77.938969	5.068333	4.262408
77.988994	5.098851	4.365801
78.039020	5.123346	4.450149
78.089045	5.142913	4.518409
78.139070	5.158484	4.573289
78.189095	5.170835	4.617182
78.239120	5.180610	4.652141
78.289145	5.188329	4.679892
78.339170	5.194417	4.701863
78.389195	5.199211	4.719222
78.439220	5.202983	4.732914
78.489245	5.205949	4.743699
78.539270	5.208279	4.752186
78.589295	5.210109	4.758860
78.639320	5.211545	4.764104
78.689345	5.212673	4.768223
78.739370	5.213558	4.771457
78.789395	5.214252	4.773994
78.839420	5.214796	4.775986
78.889445	5.215223	4.777548
78.939470	5.215558	4.778774
78.989495	5.215820	4.779735
79.039520	5.216026	4.780489
79.089545	5.216188	4.781080
79.139570	5.216314	4.781543
79.189595	5.216414	4.781907
79.239620	5.216491	4.782192
79.289645	5.216552	4.782415
79.339670	5.216600	4.782590
79.389695	5.216638	4.782728
79.439720	5.216667	4.782835
79.489745	5.216690	4.782920
79.539770	5.216708	4.782986
79.589795	5.216722	4.783038
79.639820	5.216733	4.783079
79.689845	5.216742	4.783110
79.739870	5.216749	4.783135
79.789895	5.216754	4.783155
79.839920	5.216759	4.783170
79.889945	5.216762	4.783182
79.939970	5.216764	4.783192
79.989995	5.216766	4.783199
80.040020	0.521677	0.478320
80.090045	0.570693	0.478429
80.140070	0.623994	0.478555
80.190095	0.681893	0.478704
80.240120	0.744714	0.478881
80.290145	0.812789	0.479095
80.340170	0.886456	0.479357
80.390195	0.966056	0.479684
80.440220	1.051929	0.480100
80.490245	1.144409	0.480637
80.540270	1.243817	0.481347
80.590295	1.350457	0.482301
80.640320	1.464604	0.483613
80.690345	1.586502	0.485455
80.740370	1.716344	0.488098
80.790395	1.854267	0.491973
80.840420	2.000334	0.497776
80.890445	2.154514	0.506632
80.940470	2.316650	0.520358
80.990495	2.486424	0.541838
81.040520	2.663292	0.575446
81.090545	2.846405	0.627285
81.140570	3.034516	0.704773
81.190595	3.225902	0.815223
81.240620	3.418349	0.963861
81.290645	3.609236	1.152413
81.340670	3.795687	1.378856
81.390695	3.974779	1.637913
81.440720	4.143771	1.921745
81.490745	4.300319	2.220715
81.540770	4.442656	2.524319
81.590795	4.569711	2.822257
81.640820	4.681135	3.105474
81.690845	4.777245	3.366946
81.740870	4.858899	3.602068
81.790895	4.927341	3.808625
81.840920	4.984038	3.986453
81.890945	5.030531	4.136923
81.940970	5.068333	4.262408
81.990995	5.098851	4.365801
82.041021	5.123346	4.450149
82.091046	5.142913	4.518409
82.141071	5.158484	4.573289
82.191096	5.170835	4.617182
82.241121	5.180610	4.652141
82.291146	5.188329	4.679892
82.341171	5.194417	4.701863
82.391196	5.199211	4.719222
82.441221	5.202983	4.732914
82.491246	5.205949	4.743699
82.541271	5.208279	4.752186
82.591296	5.210109	4.758860
82.641321	5.211545	4.764104
82.691346	5.212673	4.768223
82.741371	5.213558	4.771457
82.791396	5.214252	4.773994
82.841421	5.214796	4.775986
82.891446	5.215223	4.777548
82.941471	5.215558	4.778774
82.991496	5.215820	4.779735
83.041521	5.216026	4.780489
83.091546	5.216188	4.781080
83.141571	5.216314	4.781543
83.191596	5.216414	4.781907
83.241621	5.216491	4.782192
83.291646	5.216552	4.782415
83.341671	5.216600	4.782590
83.391696	5.216638	4.782728
83.441721	5.216667	4.782835
83.491746	5.216690	4.782920
83.541771	5.216708	4.782986
83.591796	5.216722	4.783038
83.641821	5.216733	4.783079
83.691846	5.216742	4.783110
83.741871	5.216749	4.783135
83.791896	5.216754	4.783155
83.841921	5.216759	4.783170
83.891946	5.216762	4.783182
83.941971	5.216764	4.783192
83.991996	5.216766	4.783199
84.042021	0.521677	0.478320
84.092046	0.570693	0.478429
84.142071	0.623994	0.478555
84.192096	0.681893	0.478704
84.242121	0.744714	0.478881
84.292146	0.812789	0.479095
84.342171	0.886456	0.479357
84.392196	0.966056	0.479684
84.442221	1.051929	0.480100
84.492246	1.144409	0.480637
84.542271	1.243817	0.481347
84.592296	1.350457	0.482301
84.642321	1.464604	0.483613
84.692346	1.586502	0.485455
84.742371	1.716344	0.488098
84.792396	1.854267	0.491973
84.842421	2.000334	0.497776
84.892446	2.154514	0.506632
84.942471	2.316650	0.520358
84.992496	2.486424	0.541838
85.042521	2.663292	0.575446
85.092546	2.846405	0.627285
85.142571	3.034516	0.704773
85.192596	3.225902	0.815223
85.242621	3.418349	0.963861
85.292646	3.609236	1.152413
85.342671	3.795687	1.378856
85.392696	3.974779	1.637913
85.442721	4.143771	1.921745
85.492746	4.300319	2.220715
85.542771	4.442656	2.524319
85.592796	4.569711	2.822257
85.642821	4.681135	3.105474
85.692846	4.777245	3.366946
85.742871	4.858899	3.602068
85.792896	4.927341	3.808625
85.842921	4.984038	3.986453
85.892946	5.030531	4.136923
85.942971	5.068333	4.262408
85.992996	5.098851	4.365801
86.043022	5.123346	4.450149
86.093047	5.142913	4.518409
86.143072	5.158484	4.573289
86.193097	5.170835	4.617182
86.243122	5.180610	4.652141
86.293147	5.188329	4.679892
86.343172	5.194417	4.701863
86.393197	5.199211	4.719222
86.443222	5.202983	4.732914
86.493247	5.205949	4.743699
86.543272	5.208279	4.752186
86.593297	5.210109	4.758860
86.643322	5.211545	4.764104
86.693347	5.212673	4.768223
86.743372	5.213558	4.771457
86.793397	5.214252	4.773994
86.843422	5.214796	4.775986
86.893447	5.215223	4.777548
86.943472	5.215558	4.778774
86.993497	5.215820	4.779735
87.043522	5.216026	4.780489
87.093547	5.216188	4.781080
87.143572	5.216314	4.781543
87.193597	5.216414	4.781907
87.243622	5.216491	4.782192
87.293647	5.216552	4.782415
87.343672	5.216600	4.782590
87.393697	5.216638	4.782728
87.443722	5.216667	4.782835
87.493747	5.216690	4.782920
87.543772	5.216708	4.782986
87.593797	5.216722	4.783038
87.643822	5.216733	4.783079
87.693847	5.216742	4.783110
87.743872	5.216749	4.783135
87.793897	5.216754	4.783155
87.843922	5.216759	4.783170
87.893947	5.216762	4.783182
87.943972	5.216764	4.783192
87.993997	5.216766	4.783199
88.044022	0.521677	0.478320
88.094047	0.570693	0.478429
88.144072	0.623994	0.478555
88.194097	0.681893	0.478704
88.244122	0.744714	0.478881
88.294147	0.812789	0.479095
88.344172	0.886456	0.479357
88.394197	0.966056	0.479684
88.444222	1.051929	0.480100
88.494247	1.144409	0.480637
88.544272	1.243817	0.481347
88.594297	1.350457	0.482301
88.644322	1.464604	0.483613
88.694347	1.586502	0.485455
88.744372	1.716344	0.488098
88.794397	1.854267	0.491973
88.844422	2.000334	0.497776
88.894447	2.154514	0.506632
88.944472	2.316650	0.520358
88.994497	2.486424	0.541838
89.044522	2.663292	0.575446
89.094547	2.846405	0.627285
89.144572	3.034516	0.704773
89.194597	3.225902	0.815223
89.244622	3.418349	0.963861
89.294647	3.609236	1.152413
89.344672	3.795687	1.378856
89.394697	3.974779	1.637913
89.444722	4.143771	1.921745
89.494747	4.300319	2.220715
89.544772	4.442656	2.524319
89.594797	4.569711	2.822257
89.644822	4.681135	3.105474
89.694847	4.777245	3.366946
89.744872	4.858899	3.602068
89.794897	4.927341	3.808625
89.844922	4.984038	3.986453
89.894947	5.030531	4.136923
89.944972	5.068333	4.262408
89.994997	5.098851	4.365801
90.045023	5.123346	4.450149
90.095048	5.142913	4.518409
90.145073	5.158484	4.573289
90.195098	5.170835	4.617182
90.245123	5.180610	4.652141
90.295148	5.188329	4.679892
90.345173	5.194417	4.701863
90.395198	5.199211	4.719222
90.445223	5.202983	4.732914
90.495248	5.205949	4.743699
90.545273	5.208279	4.752186
90.595298	5.210109	4.758860
90.645323	5.211545	4.764104
90.695348	5.212673	4.768223
90.745373	5.213558	4.771457
90.795398	5.214252	4.773994
90.845423	5.214796	4.775986
90.895448	5.215223	4.777548
90.945473	5.215558	4.778774
90.995498	5.215820	4.779735
91.045523	5.216026	4.780489
91.095548	5.216188	4.781080
91.145573	5.216314	4.781543
91.195598	5.216414	4.781907
91.245623	5.216491	4.782192
91.295648	5.216552	4.782415
91.345673	5.216600	4.782590
91.395698	5.216638	4.782728
91.445723	5.216667	4.782835
91.495748	5.216690	4.782920
91.545773	5.216708	4.782986
91.595798	5.216722	4.783038
91.645823	5.216733	4.783079
91.695848	5.216742	4.783110
91.745873	5.216749	4.783135
91.795898	5.216754	4.783155
91.845923	5.216759	4.783170
91.895948	5.216762	4.783182
91.945973	5.216764	4.783192
91.995998	5.216766	4.783199
92.046023	0.521677	0.478320
92.096048	0.570693	0.478429
92.146073	0.623994	0.478555
92.196098	0.681893	0.478704
92.246123	0.744714	0.478881
92.296148	0.812789	0.479095
92.346173	0.886456	0.479357
92.396198	0.966056	0.479684
92.446223	1.051929	0.480100
92.496248	1.144409	0.480637
92.546273	1.243817	0.481347
92.596298	1.350457	0.482301
92.646323	1.464604	0.483613
92.696348	1.586502	0.485455
92.746373	1.716344	0.488098
92.796398	1.854267	0.491973
92.846423	2.000334	0.497776
92.896448	2.154514	0.506632
92.946473	2.316650	0.520358
92.996498	2.486424	0.541838
93.046523	2.663292	0.575446
93.096548	2.846405	0.627285
93.146573	3.034516	0.704773
93.196598	3.225902	0.815223
93.246623	3.418349	0.963861
93.296648	3.609236	1.152413
93.346673	3.795687	1.378856
93.396698	3.974779	1.637913
93.446723	4.143771	1.921745
93.496748	4.300319	2.220715
93.546773	4.442656	2.524319
93.596798	4.569711	2.822257
93.646823	4.681135	3.105474
93.696848	4.777245	3.366946
93.746873	4.858899	3.602068
93.796898	4.927341	3.808625
93.846923	4.984038	3.986453
93.896948	5.030531	4.136923
93.946973	5.068333	4.262408
93.996998	5.098851	4.365801
94.047024	5.123346	4.450149
94.097049	5.142913	4.518409
94.147074	5.158484	4.573289
94.197099	5.170835	4.617182
94.247124	5.180610	4.652141
94.297149	5.188329	4.679892
94.347174	5.194417	4.701863
94.397199	5.199211	4.719222
94.447224	5.202983	4.732914
94.497249	5.205949	4.743699
94.547274	5.208279	4.752186
94.597299	5.210109	4.758860
94.647324	5.211545	4.764104
94.697349	5.212673	4.768223
94.747374	5.213558	4.771457
94.797399	5.214252	4.773994
94.847424	5.214796	4.775986
94.897449	5.215223	4.777548
94.947474	5.215558	4.778774
94.997499	5.215820	4.779735
95.047524	5.216026	4.780489
95.097549	5.216188	4.781080
95.147574	5.216314	4.781543
95.197599	5.216414	4.781907
95.247624	5.216491	4.782192
95.297649	5.216552	4.782415
95.347674	5.216600	4.782590
95.397699	5.216638	4.782728
95.447724	5.216667	4.782835
95.497749	5.216690	4.782920
95.547774	5.216708	4.782986
95.597799	5.216722	4.783038
95.647824	5.216733	4.783079
95.697849	5.216742	4.783110
95.747874	5.216749	4.783135
95.797899	5.216754	4.783155
95.847924	5.216759	4.783170
95.897949	5.216762	4.783182
95.947974	5.216764	4.783192
95.997999	5.216766	4.783199
96.048024	0.521677	0.478320
96.098049	0.570693	0.478429
96.148074	0.623994	0.478555
96.198099	0.681893	0.478704
96.248124	0.744714	0.478881
96.298149	0.812789	0.479095
96.348174	0.886456	0.479357
96.398199	0.966056	0.479684
96.448224	1.051929	0.480100
96.498249	1.144409	0.480637
96.548274	1.243817	0.481347
96.598299	1.350457	0.482301
96.648324	1.464604	0.483613
96.698349	1.586502	0.485455
96.748374	1.716344	0.488098
96.798399	1.854267	0.491973
96.848424	2.000334	0.497776
96.898449	2.154514	0.506632
96.948474	2.316650	0.520358
96.998499	2.486424	0.541838
97.048524	2.663292	0.575446
97.098549	2.846405	0.627285
97.148574	3.034516	0.704773
97.198599	3.225902	0.815223
97.248624	3.418349	0.963861
97.298649	3.609236	1.152413
97.348674	3.795687	1.378856
97.398699	3.974779	1.637913
97.448724	4.143771	1.921745
97.498749	4.300319	2.220715
97.548774	4.442656	2.524319
97.598799	4.569711	2.822257
97.648824	4.681135	3.105474
97.698849	4.777245	3.366946
97.748874	4.858899	3.602068
97.798899	4.927341	3.808625
97.848924	4.984038	3.986453
97.898949	5.030531	4.136923
97.948974	5.068333	4.262408
97.998999	5.098851	4.365801
98.049025	5.123346	4.450149
98.099050	5.142913	4.518409
98.149075	5.158484	4.573289
98.199100	5.170835	4.617182
98.249125	5.180610	4.652141
98.299150	5.188329	4.679892
98.349175	5.194417	4.701863
98.399200	5.199211	4.719222
98.449225	5.202983	4.732914
98.499250	5.205949	4.743699
98.549275	5.208279	4.752186
98.599300	5.210109	4.758860
98.649325	5.211545	4.764104
98.699350	5.212673	4.768223
98.749375	5.213558	4.771457
98.799400	5.214252	4.773994
98.849425	5.214796	4.775986
98.899450	5.215223	4.777548
98.949475	5.215558	4.778774
98.999500	5.215820	4.779735
99.049525	5.216026	4.780489
99.099550	5.216188	4.781080
99.149575	5.216314	4.781543
99.199600	5.216414	4.781907
99.249625	5.216491	4.782192
99.299650	5.216552	4.782415
99.349675	5.216600	4.782590
99.399700	5.216638	4.782728
99.449725	5.216667	4.782835
99.499750	5.216690	4.782920
99.549775	5.216708	4.782986
99.599800	5.216722	4.783038
99.649825	5.216733	4.783079
99.699850	5.216742	4.783110
99.749875	5.216749	4.783135
99.799900	5.216754	4.783155
99.849925	5.216759	4.783170
99.899950	5.216762	4.783182
99.949975	5.216764	4.783192
100.000000	5.216766	4.783199
