a	b	RFit
0.000000	0.000000	4.256519
0.000000	0.050000	4.375653
0.000000	0.100000	4.429560
0.000000	0.150000	4.239514
0.000000	0.200000	4.434838
0.000000	0.250000	4.211866
0.000000	0.300000	4.199157
0.000000	0.350000	4.089550
0.000000	0.400000	3.866264
0.000000	0.450000	3.687486
0.000000	0.500000	3.734068
0.000000	0.550000	3.623403
0.000000	0.600000	3.581624
0.000000	0.650000	3.346290
0.000000	0.700000	3.259571
0.000000	0.750000	3.164966
0.000000	0.800000	2.633909
0.000000	0.850000	1.910330
0.000000	0.900000	1.638172
0.000000	0.950000	1.323472
0.000000	1.000000	0.741407
0.050000	0.000000	4.297585
0.050000	0.050000	4.197130
0.050000	0.100000	4.454113
0.050000	0.150000	4.328688
0.050000	0.200000	4.123881
0.050000	0.250000	4.336095
0.050000	0.300000	4.270291
0.050000	0.350000	4.020614
0.050000	0.400000	3.857085
0.050000	0.450000	3.863218
0.050000	0.500000	3.790344
0.050000	0.550000	3.806727
0.050000	0.600000	3.625992
0.050000	0.650000	3.325235
0.050000	0.700000	3.229631
0.050000	0.750000	2.939015
0.050000	0.800000	2.485294
0.050000	0.850000	1.976315
0.050000	0.900000	1.597239
0.050000	0.950000	1.376709
0.050000	1.000000	0.750162
0.100000	0.000000	4.459166
0.100000	0.050000	4.269179
0.100000	0.100000	4.061322
0.100000	0.150000	4.178720
0.100000	0.200000	4.167291
0.100000	0.250000	4.314654
0.100000	0.300000	4.071610
0.100000	0.350000	4.096999
0.100000	0.400000	3.943479
0.100000	0.450000	3.864729
0.100000	0.500000	3.914314
0.100000	0.550000	3.731240
0.100000	0.600000	3.606784
0.100000	0.650000	3.302677
0.100000	0.700000	3.142530
0.100000	0.750000	2.925269
0.100000	0.800000	2.450104
0.100000	0.850000	1.943938
0.100000	0.900000	1.638167
0.100000	0.950000	0.842371
0.100000	1.000000	0.755757
0.150000	0.000000	4.396998
0.150000	0.050000	4.289660
0.150000	0.100000	4.152587
0.150000	0.150000	4.216744
0.150000	0.200000	4.288372
0.150000	0.250000	4.317607
0.150000	0.300000	4.047000
0.150000	0.350000	4.088049
0.150000	0.400000	3.937624
0.150000	0.450000	4.043669
0.150000	0.500000	3.695693
0.150000	0.550000	3.618449
0.150000	0.600000	3.613213
0.150000	0.650000	3.389157
0.150000	0.700000	3.074839
0.150000	0.750000	2.940409
0.150000	0.800000	2.664846
0.150000	0.850000	2.004206
0.150000	0.900000	1.591393
0.150000	0.950000	0.827643
0.150000	1.000000	0.754760
0.200000	0.000000	4.218255
0.200000	0.050000	4.246803
0.200000	0.100000	4.119737
0.200000	0.150000	4.259399
0.200000	0.200000	4.248710
0.200000	0.250000	4.367092
0.200000	0.300000	4.026671
0.200000	0.350000	4.080455
0.200000	0.400000	3.956509
0.200000	0.450000	3.867356
0.200000	0.500000	3.857781
0.200000	0.550000	3.645058
0.200000	0.600000	3.523039
0.200000	0.650000	3.339688
0.200000	0.700000	3.107093
0.200000	0.750000	2.958162
0.200000	0.800000	2.521511
0.200000	0.850000	1.917278
0.200000	0.900000	1.656826
0.200000	0.950000	0.827253
0.200000	1.000000	0.749610
0.250000	0.000000	4.199315
0.250000	0.050000	4.243720
0.250000	0.100000	4.272528
0.250000	0.150000	4.248584
0.250000	0.200000	4.298649
0.250000	0.250000	4.214038
0.250000	0.300000	4.045218
0.250000	0.350000	4.141520
0.250000	0.400000	4.000276
0.250000	0.450000	3.952305
0.250000	0.500000	3.748046
0.250000	0.550000	3.538359
0.250000	0.600000	3.544998
0.250000	0.650000	3.285224
0.250000	0.700000	3.199714
0.250000	0.750000	3.057878
0.250000	0.800000	2.523940
0.250000	0.850000	1.985862
0.250000	0.900000	1.544469
0.250000	0.950000	0.827472
0.250000	1.000000	0.749065
0.300000	0.000000	4.323768
0.300000	0.050000	4.109686
0.300000	0.100000	4.234008
0.300000	0.150000	4.107138
0.300000	0.200000	4.098619
0.300000	0.250000	4.087154
0.300000	0.300000	4.137034
0.300000	0.350000	3.947547
0.300000	0.400000	3.859233
0.300000	0.450000	3.787495
0.300000	0.500000	3.906941
0.300000	0.550000	3.639597
0.300000	0.600000	3.518186
0.300000	0.650000	3.146614
0.300000	0.700000	3.154471
0.300000	0.750000	3.095169
0.300000	0.800000	2.398729
0.300000	0.850000	1.895323
0.300000	0.900000	1.583904
0.300000	0.950000	0.830309
0.300000	1.000000	0.745746
0.350000	0.000000	4.175479
0.350000	0.050000	4.255231
0.350000	0.100000	4.095432
0.350000	0.150000	4.097185
0.350000	0.200000	4.239194
0.350000	0.250000	4.183570
0.350000	0.300000	4.183193
0.350000	0.350000	4.131387
0.350000	0.400000	4.089884
0.350000	0.450000	3.739653
0.350000	0.500000	3.853082
0.350000	0.550000	3.634927
0.350000	0.600000	3.563386
0.350000	0.650000	3.472466
0.350000	0.700000	3.170135
0.350000	0.750000	2.988248
0.350000	0.800000	2.437649
0.350000	0.850000	1.828748
0.350000	0.900000	1.347782
0.350000	0.950000	0.823252
0.350000	1.000000	0.752952
0.400000	0.000000	4.430685
0.400000	0.050000	4.191335
0.400000	0.100000	3.981777
0.400000	0.150000	4.204632
0.400000	0.200000	4.138410
0.400000	0.250000	4.010756
0.400000	0.300000	4.030415
0.400000	0.350000	3.968836
0.400000	0.400000	4.052409
0.400000	0.450000	3.838655
0.400000	0.500000	3.670678
0.400000	0.550000	3.714320
0.400000	0.600000	3.587303
0.400000	0.650000	3.294154
0.400000	0.700000	3.025290
0.400000	0.750000	3.085199
0.400000	0.800000	2.353068
0.400000	0.850000	1.894404
0.400000	0.900000	1.395227
0.400000	0.950000	0.810030
0.400000	1.000000	0.752731
0.450000	0.000000	4.296796
0.450000	0.050000	4.321515
0.450000	0.100000	4.227298
0.450000	0.150000	3.966780
0.450000	0.200000	4.160720
0.450000	0.250000	4.112975
0.450000	0.300000	3.980168
0.450000	0.350000	4.106004
0.450000	0.400000	3.905571
0.450000	0.450000	3.774219
0.450000	0.500000	3.770733
0.450000	0.550000	3.623618
0.450000	0.600000	3.405042
0.450000	0.650000	3.275312
0.450000	0.700000	3.404789
0.450000	0.750000	3.032688
0.450000	0.800000	2.343972
0.450000	0.850000	1.824047
0.450000	0.900000	1.479304
0.450000	0.950000	0.829249
0.450000	1.000000	0.743519
0.500000	0.000000	4.285343
0.500000	0.050000	4.058798
0.500000	0.100000	4.171697
0.500000	0.150000	4.206682
0.500000	0.200000	4.136457
0.500000	0.250000	4.127269
0.500000	0.300000	4.051686
0.500000	0.350000	4.004840
0.500000	0.400000	3.957228
0.500000	0.450000	3.990851
0.500000	0.500000	3.636023
0.500000	0.550000	3.605145
0.500000	0.600000	3.664648
0.500000	0.650000	3.400494
0.500000	0.700000	3.414968
0.500000	0.750000	3.091028
0.500000	0.800000	2.316094
0.500000	0.850000	1.753745
0.500000	0.900000	1.463211
0.500000	0.950000	0.817852
0.500000	1.000000	0.758252
0.550000	0.000000	4.284775
0.550000	0.050000	4.378823
0.550000	0.100000	4.407388
0.550000	0.150000	4.220086
0.550000	0.200000	4.241107
0.550000	0.250000	4.082397
0.550000	0.300000	4.121063
0.550000	0.350000	4.167440
0.550000	0.400000	3.855220
0.550000	0.450000	3.802121
0.550000	0.500000	3.591818
0.550000	0.550000	3.669805
0.550000	0.600000	3.580183
0.550000	0.650000	3.503842
0.550000	0.700000	3.318093
0.550000	0.750000	3.242775
0.550000	0.800000	2.109131
0.550000	0.850000	1.482130
0.550000	0.900000	0.919771
0.550000	0.950000	0.824956
0.550000	1.000000	0.743096
0.600000	0.000000	4.234087
0.600000	0.050000	4.216900
0.600000	0.100000	4.148978
0.600000	0.150000	4.345255
0.600000	0.200000	4.155309
0.600000	0.250000	4.163565
0.600000	0.300000	4.108311
0.600000	0.350000	4.007758
0.600000	0.400000	3.801021
0.600000	0.450000	3.820423
0.600000	0.500000	3.658099
0.600000	0.550000	3.599723
0.600000	0.600000	3.556849
0.600000	0.650000	3.516601
0.600000	0.700000	3.392017
0.600000	0.750000	3.346169
0.600000	0.800000	2.010350
0.600000	0.850000	1.608497
0.600000	0.900000	0.899842
0.600000	0.950000	0.807828
0.600000	1.000000	0.755051
0.650000	0.000000	4.340910
0.650000	0.050000	4.092441
0.650000	0.100000	4.264839
0.650000	0.150000	4.227392
0.650000	0.200000	4.195237
0.650000	0.250000	4.106114
0.650000	0.300000	4.025959
0.650000	0.350000	4.147348
0.650000	0.400000	3.936760
0.650000	0.450000	3.835292
0.650000	0.500000	3.753250
0.650000	0.550000	3.585143
0.650000	0.600000	3.548607
0.650000	0.650000	3.454274
0.650000	0.700000	3.169231
0.650000	0.750000	3.136974
0.650000	0.800000	2.059135
0.650000	0.850000	1.636722
0.650000	0.900000	0.922947
0.650000	0.950000	0.807415
0.650000	1.000000	0.746664
0.700000	0.000000	4.556958
0.700000	0.050000	4.311642
0.700000	0.100000	4.281188
0.700000	0.150000	4.369712
0.700000	0.200000	4.271575
0.700000	0.250000	4.097474
0.700000	0.300000	3.956879
0.700000	0.350000	4.130340
0.700000	0.400000	3.847570
0.700000	0.450000	3.988281
0.700000	0.500000	3.837344
0.700000	0.550000	3.680237
0.700000	0.600000	3.575083
0.700000	0.650000	3.333387
0.700000	0.700000	3.240795
0.700000	0.750000	2.866462
0.700000	0.800000	1.885901
0.700000	0.850000	1.012694
0.700000	0.900000	0.900076
0.700000	0.950000	0.835307
0.700000	1.000000	0.750150
0.750000	0.000000	4.232012
0.750000	0.050000	3.983479
0.750000	0.100000	4.236466
0.750000	0.150000	4.140342
0.750000	0.200000	4.083762
0.750000	0.250000	4.214745
0.750000	0.300000	4.300195
0.750000	0.350000	4.333236
0.750000	0.400000	4.013217
0.750000	0.450000	4.013436
0.750000	0.500000	3.837450
0.750000	0.550000	3.895264
0.750000	0.600000	3.710275
0.750000	0.650000	3.549948
0.750000	0.700000	3.769253
0.750000	0.750000	2.399188
0.750000	0.800000	1.957551
0.750000	0.850000	0.996741
0.750000	0.900000	0.895630
0.750000	0.950000	0.818102
0.750000	1.000000	0.756384
0.800000	0.000000	4.195846
0.800000	0.050000	4.319170
0.800000	0.100000	4.305428
0.800000	0.150000	4.179710
0.800000	0.200000	4.133365
0.800000	0.250000	4.112598
0.800000	0.300000	4.142479
0.800000	0.350000	4.056208
0.800000	0.400000	4.078107
0.800000	0.450000	3.860975
0.800000	0.500000	3.893234
0.800000	0.550000	4.160246
0.800000	0.600000	4.121287
0.800000	0.650000	3.960631
0.800000	0.700000	3.017041
0.800000	0.750000	2.492613
0.800000	0.800000	1.087420
0.800000	0.850000	1.008963
0.800000	0.900000	0.908672
0.800000	0.950000	0.819735
0.800000	1.000000	0.753571
0.850000	0.000000	4.435007
0.850000	0.050000	4.217045
0.850000	0.100000	4.333233
0.850000	0.150000	4.169001
0.850000	0.200000	4.475322
0.850000	0.250000	4.184246
0.850000	0.300000	4.417232
0.850000	0.350000	4.286721
0.850000	0.400000	4.358190
0.850000	0.450000	4.232856
0.850000	0.500000	4.156974
0.850000	0.550000	4.617653
0.850000	0.600000	4.352065
0.850000	0.650000	3.770605
0.850000	0.700000	1.259991
0.850000	0.750000	1.183467
0.850000	0.800000	1.090431
0.850000	0.850000	0.997306
0.850000	0.900000	0.906861
0.850000	0.950000	0.816808
0.850000	1.000000	0.753071
0.900000	0.000000	4.611676
0.900000	0.050000	4.563067
0.900000	0.100000	4.704978
0.900000	0.150000	4.220778
0.900000	0.200000	4.512992
0.900000	0.250000	4.474941
0.900000	0.300000	4.581687
0.900000	0.350000	5.337773
0.900000	0.400000	4.390170
0.900000	0.450000	5.007058
0.900000	0.500000	4.390913
0.900000	0.550000	1.366085
0.900000	0.600000	1.359121
0.900000	0.650000	1.325629
0.900000	0.700000	1.281078
0.900000	0.750000	1.219717
0.900000	0.800000	1.063976
0.900000	0.850000	0.986895
0.900000	0.900000	0.906776
0.900000	0.950000	0.814058
0.900000	1.000000	0.753774
0.950000	0.000000	5.866153
0.950000	0.050000	5.783895
0.950000	0.100000	5.798250
0.950000	0.150000	1.629529
0.950000	0.200000	1.584408
0.950000	0.250000	1.571214
0.950000	0.300000	1.544154
0.950000	0.350000	1.532452
0.950000	0.400000	1.511182
0.950000	0.450000	1.440137
0.950000	0.500000	1.375511
0.950000	0.550000	1.373816
0.950000	0.600000	1.335286
0.950000	0.650000	1.337659
0.950000	0.700000	1.238705
0.950000	0.750000	1.188631
0.950000	0.800000	1.072780
0.950000	0.850000	1.004569
0.950000	0.900000	0.883318
0.950000	0.950000	0.815133
0.950000	1.000000	0.739134
1.000000	0.000000	1.552533
1.000000	0.050000	1.518084
1.000000	0.100000	1.465485
1.000000	0.150000	1.478388
1.000000	0.200000	1.539720
1.000000	0.250000	1.495894
1.000000	0.300000	1.541861
1.000000	0.350000	1.439903
1.000000	0.400000	1.444880
1.000000	0.450000	1.428328
1.000000	0.500000	1.432717
1.000000	0.550000	1.372822
1.000000	0.600000	1.337465
1.000000	0.650000	1.346275
1.000000	0.700000	1.227967
1.000000	0.750000	1.196246
1.000000	0.800000	1.051715
1.000000	0.850000	0.985825
1.000000	0.900000	0.900398
1.000000	0.950000	0.825939
1.000000	1.000000	0.746838
