a	b	RFitCoV
0.000000	0.000000	1.470905
0.000000	0.050000	1.469851
0.000000	0.100000	1.462023
0.000000	0.150000	1.464876
0.000000	0.200000	1.476840
0.000000	0.250000	1.483841
0.000000	0.300000	1.485421
0.000000	0.350000	1.478134
0.000000	0.400000	1.489111
0.000000	0.450000	1.483376
0.000000	0.500000	1.476051
0.000000	0.550000	1.475983
0.000000	0.600000	1.480811
0.000000	0.650000	1.473437
0.000000	0.700000	1.477586
0.000000	0.750000	1.470499
0.000000	0.800000	1.459678
0.000000	0.850000	1.396408
0.000000	0.900000	1.350341
0.000000	0.950000	1.261335
0.000000	1.000000	1.508817
0.050000	0.000000	1.470096
0.050000	0.050000	1.474147
0.050000	0.100000	1.465237
0.050000	0.150000	1.476021
0.050000	0.200000	1.476460
0.050000	0.250000	1.476912
0.050000	0.300000	1.486896
0.050000	0.350000	1.487917
0.050000	0.400000	1.490094
0.050000	0.450000	1.476007
0.050000	0.500000	1.473949
0.050000	0.550000	1.474703
0.050000	0.600000	1.470225
0.050000	0.650000	1.473983
0.050000	0.700000	1.468211
0.050000	0.750000	1.467721
0.050000	0.800000	1.451545
0.050000	0.850000	1.396774
0.050000	0.900000	1.313373
0.050000	0.950000	1.367958
0.050000	1.000000	1.497435
0.100000	0.000000	1.466586
0.100000	0.050000	1.469850
0.100000	0.100000	1.476204
0.100000	0.150000	1.472592
0.100000	0.200000	1.485417
0.100000	0.250000	1.479169
0.100000	0.300000	1.484894
0.100000	0.350000	1.483634
0.100000	0.400000	1.489291
0.100000	0.450000	1.478079
0.100000	0.500000	1.470978
0.100000	0.550000	1.476236
0.100000	0.600000	1.468615
0.100000	0.650000	1.472607
0.100000	0.700000	1.480359
0.100000	0.750000	1.485291
0.100000	0.800000	1.450150
0.100000	0.850000	1.382651
0.100000	0.900000	1.344192
0.100000	0.950000	1.561182
0.100000	1.000000	1.496445
0.150000	0.000000	1.465617
0.150000	0.050000	1.471128
0.150000	0.100000	1.485162
0.150000	0.150000	1.473546
0.150000	0.200000	1.486593
0.150000	0.250000	1.470508
0.150000	0.300000	1.478399
0.150000	0.350000	1.479614
0.150000	0.400000	1.480304
0.150000	0.450000	1.468463
0.150000	0.500000	1.477095
0.150000	0.550000	1.475781
0.150000	0.600000	1.481805
0.150000	0.650000	1.470532
0.150000	0.700000	1.471544
0.150000	0.750000	1.477012
0.150000	0.800000	1.439356
0.150000	0.850000	1.394385
0.150000	0.900000	1.304951
0.150000	0.950000	1.560364
0.150000	1.000000	1.502752
0.200000	0.000000	1.474331
0.200000	0.050000	1.486219
0.200000	0.100000	1.489537
0.200000	0.150000	1.481762
0.200000	0.200000	1.476975
0.200000	0.250000	1.465171
0.200000	0.300000	1.484661
0.200000	0.350000	1.487597
0.200000	0.400000	1.482299
0.200000	0.450000	1.477459
0.200000	0.500000	1.478712
0.200000	0.550000	1.470209
0.200000	0.600000	1.474193
0.200000	0.650000	1.463161
0.200000	0.700000	1.476832
0.200000	0.750000	1.466903
0.200000	0.800000	1.425836
0.200000	0.850000	1.368590
0.200000	0.900000	1.368380
0.200000	0.950000	1.565437
0.200000	1.000000	1.502068
0.250000	0.000000	1.484923
0.250000	0.050000	1.490207
0.250000	0.100000	1.486995
0.250000	0.150000	1.491212
0.250000	0.200000	1.478034
0.250000	0.250000	1.498247
0.250000	0.300000	1.485438
0.250000	0.350000	1.481243
0.250000	0.400000	1.477738
0.250000	0.450000	1.475909
0.250000	0.500000	1.477686
0.250000	0.550000	1.474661
0.250000	0.600000	1.472126
0.250000	0.650000	1.478383
0.250000	0.700000	1.477781
0.250000	0.750000	1.455318
0.250000	0.800000	1.403287
0.250000	0.850000	1.358725
0.250000	0.900000	1.261394
0.250000	0.950000	1.561219
0.250000	1.000000	1.505701
0.300000	0.000000	1.490360
0.300000	0.050000	1.489947
0.300000	0.100000	1.491642
0.300000	0.150000	1.485061
0.300000	0.200000	1.486357
0.300000	0.250000	1.488419
0.300000	0.300000	1.480730
0.300000	0.350000	1.482384
0.300000	0.400000	1.489189
0.300000	0.450000	1.475226
0.300000	0.500000	1.468407
0.300000	0.550000	1.475951
0.300000	0.600000	1.481202
0.300000	0.650000	1.476465
0.300000	0.700000	1.466008
0.300000	0.750000	1.444160
0.300000	0.800000	1.399892
0.300000	0.850000	1.383746
0.300000	0.900000	1.300608
0.300000	0.950000	1.558199
0.300000	1.000000	1.506677
0.350000	0.000000	1.480434
0.350000	0.050000	1.486667
0.350000	0.100000	1.495538
0.350000	0.150000	1.486609
0.350000	0.200000	1.489203
0.350000	0.250000	1.485582
0.350000	0.300000	1.485959
0.350000	0.350000	1.476226
0.350000	0.400000	1.481975
0.350000	0.450000	1.474878
0.350000	0.500000	1.480185
0.350000	0.550000	1.475869
0.350000	0.600000	1.473117
0.350000	0.650000	1.489104
0.350000	0.700000	1.476838
0.350000	0.750000	1.434264
0.350000	0.800000	1.375121
0.350000	0.850000	1.269636
0.350000	0.900000	1.198527
0.350000	0.950000	1.556508
0.350000	1.000000	1.499773
0.400000	0.000000	1.489787
0.400000	0.050000	1.481292
0.400000	0.100000	1.498938
0.400000	0.150000	1.484762
0.400000	0.200000	1.485264
0.400000	0.250000	1.483349
0.400000	0.300000	1.480769
0.400000	0.350000	1.489182
0.400000	0.400000	1.480604
0.400000	0.450000	1.470589
0.400000	0.500000	1.490077
0.400000	0.550000	1.484087
0.400000	0.600000	1.474765
0.400000	0.650000	1.465422
0.400000	0.700000	1.475685
0.400000	0.750000	1.421947
0.400000	0.800000	1.364441
0.400000	0.850000	1.352468
0.400000	0.900000	1.203357
0.400000	0.950000	1.563137
0.400000	1.000000	1.494971
0.450000	0.000000	1.483166
0.450000	0.050000	1.490788
0.450000	0.100000	1.488121
0.450000	0.150000	1.499002
0.450000	0.200000	1.482603
0.450000	0.250000	1.489168
0.450000	0.300000	1.490789
0.450000	0.350000	1.482957
0.450000	0.400000	1.486977
0.450000	0.450000	1.481280
0.450000	0.500000	1.466530
0.450000	0.550000	1.476688
0.450000	0.600000	1.463261
0.450000	0.650000	1.455130
0.450000	0.700000	1.436236
0.450000	0.750000	1.395439
0.450000	0.800000	1.315017
0.450000	0.850000	1.304633
0.450000	0.900000	1.236308
0.450000	0.950000	1.549659
0.450000	1.000000	1.503543
0.500000	0.000000	1.481145
0.500000	0.050000	1.498715
0.500000	0.100000	1.493428
0.500000	0.150000	1.487158
0.500000	0.200000	1.485285
0.500000	0.250000	1.486086
0.500000	0.300000	1.486968
0.500000	0.350000	1.488404
0.500000	0.400000	1.471454
0.500000	0.450000	1.464900
0.500000	0.500000	1.489367
0.500000	0.550000	1.490479
0.500000	0.600000	1.478887
0.500000	0.650000	1.439304
0.500000	0.700000	1.415552
0.500000	0.750000	1.377388
0.500000	0.800000	1.333799
0.500000	0.850000	1.234434
0.500000	0.900000	1.338333
0.500000	0.950000	1.549567
0.500000	1.000000	1.491593
0.550000	0.000000	1.488248
0.550000	0.050000	1.478457
0.550000	0.100000	1.489603
0.550000	0.150000	1.490481
0.550000	0.200000	1.477380
0.550000	0.250000	1.490705
0.550000	0.300000	1.479750
0.550000	0.350000	1.488913
0.550000	0.400000	1.476889
0.550000	0.450000	1.472722
0.550000	0.500000	1.496593
0.550000	0.550000	1.468259
0.550000	0.600000	1.457770
0.550000	0.650000	1.411032
0.550000	0.700000	1.407288
0.550000	0.750000	1.355145
0.550000	0.800000	1.235686
0.550000	0.850000	1.162149
0.550000	0.900000	1.564035
0.550000	0.950000	1.554845
0.550000	1.000000	1.503257
0.600000	0.000000	1.499686
0.600000	0.050000	1.479189
0.600000	0.100000	1.489898
0.600000	0.150000	1.485438
0.600000	0.200000	1.484394
0.600000	0.250000	1.480789
0.600000	0.300000	1.486167
0.600000	0.350000	1.492925
0.600000	0.400000	1.487958
0.600000	0.450000	1.492420
0.600000	0.500000	1.471536
0.600000	0.550000	1.464561
0.600000	0.600000	1.447086
0.600000	0.650000	1.413021
0.600000	0.700000	1.352243
0.600000	0.750000	1.281773
0.600000	0.800000	1.182800
0.600000	0.850000	1.171055
0.600000	0.900000	1.562196
0.600000	0.950000	1.554197
0.600000	1.000000	1.495431
0.650000	0.000000	1.494824
0.650000	0.050000	1.491732
0.650000	0.100000	1.479879
0.650000	0.150000	1.492342
0.650000	0.200000	1.478777
0.650000	0.250000	1.485299
0.650000	0.300000	1.490462
0.650000	0.350000	1.484364
0.650000	0.400000	1.475630
0.650000	0.450000	1.460716
0.650000	0.500000	1.447360
0.650000	0.550000	1.424512
0.650000	0.600000	1.405691
0.650000	0.650000	1.327971
0.650000	0.700000	1.270508
0.650000	0.750000	1.168351
0.650000	0.800000	1.298025
0.650000	0.850000	1.226999
0.650000	0.900000	1.545938
0.650000	0.950000	1.554864
0.650000	1.000000	1.505313
0.700000	0.000000	1.487708
0.700000	0.050000	1.483962
0.700000	0.100000	1.490144
0.700000	0.150000	1.492108
0.700000	0.200000	1.485954
0.700000	0.250000	1.498230
0.700000	0.300000	1.483632
0.700000	0.350000	1.481898
0.700000	0.400000	1.472599
0.700000	0.450000	1.430966
0.700000	0.500000	1.419034
0.700000	0.550000	1.404674
0.700000	0.600000	1.361227
0.700000	0.650000	1.279425
0.700000	0.700000	1.161153
0.700000	0.750000	1.156600
0.700000	0.800000	1.160340
0.700000	0.850000	1.568099
0.700000	0.900000	1.549657
0.700000	0.950000	1.540564
0.700000	1.000000	1.503331
0.750000	0.000000	1.493658
0.750000	0.050000	1.488852
0.750000	0.100000	1.488993
0.750000	0.150000	1.486845
0.750000	0.200000	1.486946
0.750000	0.250000	1.472988
0.750000	0.300000	1.446897
0.750000	0.350000	1.435145
0.750000	0.400000	1.412072
0.750000	0.450000	1.440143
0.750000	0.500000	1.382905
0.750000	0.550000	1.348527
0.750000	0.600000	1.299438
0.750000	0.650000	1.160089
0.750000	0.700000	1.054807
0.750000	0.750000	1.089630
0.750000	0.800000	1.330119
0.750000	0.850000	1.566514
0.750000	0.900000	1.552788
0.750000	0.950000	1.545760
0.750000	1.000000	1.492689
0.800000	0.000000	1.491477
0.800000	0.050000	1.493995
0.800000	0.100000	1.465067
0.800000	0.150000	1.455002
0.800000	0.200000	1.442214
0.800000	0.250000	1.412251
0.800000	0.300000	1.409413
0.800000	0.350000	1.399391
0.800000	0.400000	1.344934
0.800000	0.450000	1.318850
0.800000	0.500000	1.292634
0.800000	0.550000	1.249391
0.800000	0.600000	1.204278
0.800000	0.650000	1.133239
0.800000	0.700000	1.029636
0.800000	0.750000	1.306936
0.800000	0.800000	1.658182
0.800000	0.850000	1.550709
0.800000	0.900000	1.544713
0.800000	0.950000	1.541825
0.800000	1.000000	1.499235
0.850000	0.000000	1.436698
0.850000	0.050000	1.424058
0.850000	0.100000	1.426804
0.850000	0.150000	1.408569
0.850000	0.200000	1.374920
0.850000	0.250000	1.359504
0.850000	0.300000	1.311097
0.850000	0.350000	1.293614
0.850000	0.400000	1.255916
0.850000	0.450000	1.223092
0.850000	0.500000	1.090274
0.850000	0.550000	1.133347
0.850000	0.600000	0.864972
0.850000	0.650000	0.997628
0.850000	0.700000	1.971576
0.850000	0.750000	1.798256
0.850000	0.800000	1.635925
0.850000	0.850000	1.542317
0.850000	0.900000	1.532510
0.850000	0.950000	1.540719
0.850000	1.000000	1.497255
0.900000	0.000000	1.359323
0.900000	0.050000	1.309786
0.900000	0.100000	1.271563
0.900000	0.150000	1.208803
0.900000	0.200000	1.225339
0.900000	0.250000	1.115399
0.900000	0.300000	1.108015
0.900000	0.350000	1.115678
0.900000	0.400000	0.909756
0.900000	0.450000	0.819017
0.900000	0.500000	0.994062
0.900000	0.550000	2.241997
0.900000	0.600000	2.116708
0.900000	0.650000	1.962713
0.900000	0.700000	1.854440
0.900000	0.750000	1.740892
0.900000	0.800000	1.629534
0.900000	0.850000	1.542360
0.900000	0.900000	1.541934
0.900000	0.950000	1.545114
0.900000	1.000000	1.500463
0.950000	0.000000	0.831305
0.950000	0.050000	0.875412
0.950000	0.100000	0.965494
0.950000	0.150000	2.347096
0.950000	0.200000	2.395422
0.950000	0.250000	2.207695
0.950000	0.300000	2.301947
0.950000	0.350000	2.083904
0.950000	0.400000	2.067044
0.950000	0.450000	2.022939
0.950000	0.500000	2.055348
0.950000	0.550000	1.952518
0.950000	0.600000	1.916542
0.950000	0.650000	1.852457
0.950000	0.700000	1.800645
0.950000	0.750000	1.718333
0.950000	0.800000	1.605770
0.950000	0.850000	1.529938
0.950000	0.900000	1.540436
0.950000	0.950000	1.541800
0.950000	1.000000	1.505203
1.000000	0.000000	1.980599
1.000000	0.050000	1.967642
1.000000	0.100000	1.959979
1.000000	0.150000	1.974831
1.000000	0.200000	1.940385
1.000000	0.250000	1.959828
1.000000	0.300000	1.924547
1.000000	0.350000	1.941881
1.000000	0.400000	1.918946
1.000000	0.450000	1.892086
1.000000	0.500000	1.886827
1.000000	0.550000	1.867680
1.000000	0.600000	1.845832
1.000000	0.650000	1.800596
1.000000	0.700000	1.760946
1.000000	0.750000	1.685842
1.000000	0.800000	1.615425
1.000000	0.850000	1.531570
1.000000	0.900000	1.534953
1.000000	0.950000	1.536785
1.000000	1.000000	1.499354
